0 27 1001 0.144337567297 283.131 2.11875 0.0178106 0.000569388505351 0.58510017395
0 27 1001 0.144337567297 283.131 2.11875 0.0178106 0.000569388505351 0.598932027817
0 27 1001 0.144337567297 1005.87 4.97175 8.65806e-05 0.000105859392406 0.584262132645
0 27 1001 0.144337567297 1005.87 4.97175 8.65806e-05 0.000105859392406 0.580439805984
0 27 1001 0.14433756729740646 1005.87 4.97175 8.65806e-05 0.00010585939240628646 0.5806620121002197
0 27 1001 0.14433756729740646 686.382 130.237 0.00564638 0.005955338307311649 74.59409809112549
50 27 1001 0.14433756729740646 474.423 109.399 0.0107772 0.010470940866359604 112.4003050327301
100 27 1001 0.14433756729740646 358.26 86.1435 0.0146986 0.014458714944383038 152.6445770263672
150 27 1001 0.14433756729740646 283.13 63.4212 0.0178106 0.017043802884895667 193.2307059764862
200 27 1001 0.14433756729740646 233.96 50.7021 0.0204331 0.01995476178958876 234.7933440208435
250 27 1001 0.14433756729740646 127.629 16.3516 0.170326 0.021625459661030546 271.5992410182953
300 27 1001 0.14433756729740646 128.322 0.0 0.264038 0.0 286.811420917511
350 27 1001 0.14433756729740646 135.164 8.82844 0.238306 0.01041035942556483 299.04124999046326
400 27 1001 0.14433756729740646 112.928 7.62939e-06 0.334478 1.2888143650530712e-08 311.04044795036316
0 27 1001 0.14433756729740646 686.382 130.237 0.00564638 0.005955338307311649 98.34576678276062
50 27 1001 0.14433756729740646 474.423 109.399 0.0107772 0.010470940866359604 142.3411078453064
100 27 1001 0.14433756729740646 357.688 86.0876 0.014626 0.014495582948061634 187.9616141319275
150 27 1001 0.14433756729740646 283.13 63.4212 0.0178106 0.017043802884895667 238.3414421081543
200 27 1001 0.14433756729740646 234.106 50.8019 0.0204301 0.01996910919594704 282.01790499687195
250 27 1001 0.14433756729740646 204.592 42.0255 0.0952015 0.02162914833861025 332.752947807312
300 27 1001 0.14433756729740646 208.002 40.2985 0.133215 0.020065855709427503 349.7188868522644
350 27 1001 0.14433756729740646 208.345 39.1319 0.133088 0.01942086618270768 370.87527418136597
400 27 1001 0.14433756729740646 209.739 38.7529 0.130021 0.018977965257475325 388.75464701652527
250 27 1001 0.14433756729740646 197.308 40.6421 0.0235574 0.022490058076934324 343.2395930290222
300 27 1001 0.14433756729740646 170.146 33.2561 0.0252935 0.02474751839849596 394.79762983322144
350 27 1001 0.14433756729740646 149.626 28.5337 0.0280189 0.027456664976961073 442.75476813316345
400 27 1001 0.14433756729740646 122.14 19.4165 0.0340124 0.028038768920597965 490.7836639881134
0 27 1001 0.14433756729740646 687.233 132.674 0.00612165 0.006051759177209603 503.1451098918915
50 27 1001 0.14433756729740646 481.532 114.35 0.0109056 0.010624039776882883 944.8510551452637
100 27 1001 0.14433756729740646 359.673 87.1498 0.0144713 0.014512911460213253 1406.5743408203125
150 27 1001 0.14433756729740646 284.537 65.1306 0.0175683 0.017330512590957935 1879.264314174652
200 27 1001 0.14433756729740646 232.74 50.5681 0.0204599 0.020111219304263014 2362.523675918579
250 27 1001 0.14433756729740646 197.633 39.2167 0.0229727 0.021629971405655722 2850.4193279743195
300 27 1001 0.14433756729740646 170.43 33.3548 0.0252204 0.024738312911842607 3352.3155069351196
350 27 1001 0.14433756729740646 150.601 28.4306 0.0276054 0.027004375578819902 3852.80087018013
400 27 1001 0.14433756729740646 134.669 24.4477 0.0291825 0.02904066538953678 4354.081505060196
