       0.0000000      1021.15      20.2779  0.000173619
      0.80000000      1021.15      20.2779  0.000173619
       1.6000000      1021.15      20.2779  0.000173618
       2.4000000      1021.15      20.2779  0.000173618
       3.2000000      1021.15      20.2779  0.000173618
       4.0000000      1021.15      20.2779  0.000173618
       4.8000000      1021.15      20.2779  0.000173618
       5.6000000      1021.15      20.2779  0.000173618
       6.4000000      1021.15      20.2779  0.000173618
       7.2000000      1021.15      20.2779  0.000173618
       8.0000000      1021.15      20.2779  0.000173618
       8.8000000      1021.15      20.2779  0.000173618
       9.6000000      1021.15      20.2779  0.000173618
       10.400000      1021.15      20.2779  0.000173618
       11.200000      1021.15      20.2779  0.000173618
       12.000000      1021.15      20.2779  0.000173618
       12.800000      1021.15      20.2779  0.000173618
       13.600000      1021.15      20.2779  0.000173618
       14.400000      1021.15      20.2779  0.000173618
       15.200000      1021.15      20.2779  0.000173618
       16.000000      1021.15      20.2779  0.000173618
       16.800000      1021.15      20.2779  0.000173618
       17.600000      1021.15      20.2779  0.000173618
       18.400000      1021.15      20.2779  0.000173618
       19.200000      1021.15      20.2779  0.000173618
       20.000000      1021.15      20.2779  0.000173618
       20.800000      1021.15      20.2779  0.000173618
       21.600000      1021.15      20.2779  0.000173618
       22.400000      1021.15      20.2779  0.000173618
       23.200000      1021.15      20.2779  0.000173618
       24.000000      1021.15      20.2779  0.000173618
       24.800000      1021.15      20.2779  0.000173618
       25.600000      1021.15      20.2779  0.000173618
       26.400000      1021.15      20.2779  0.000173618
       27.200000      1021.15      20.2779  0.000173618
       28.000000      1021.15      20.2779  0.000173621
       28.800000      1021.15      20.2779  0.000173671
       29.600000      1021.15      20.2779  0.000174344
       30.400000      1021.15      20.2779  0.000178489
       31.200000      1021.15      20.2780  0.000200235
       32.000000      1021.15      20.2784  0.000274168
       32.800000      1021.14      20.2793  0.000438581
       33.600000      1021.13      20.2751  0.000735597
       34.400000      1021.08      20.2983   0.00117979
       35.200000      1020.98      20.3226   0.00177737
       36.000000      1020.71      20.4848   0.00253158
       36.800000      1020.39      20.7469   0.00344380
       37.600000      1019.90      21.2010   0.00450022
       38.400000      1018.97      22.3676   0.00568820
       39.200000      1017.57      24.0783   0.00700232
       40.000000      1015.60      26.8931   0.00843108
       40.800000      1012.94      30.2955   0.00994835
       41.600000      1009.30      34.9260    0.0115355
       42.400000      1004.67      39.6317    0.0131885
       43.200000      998.676      46.4146    0.0148903
       44.000000      992.347      52.9544    0.0166086
       44.800000      984.866      59.2866    0.0183070
       45.600000      976.256      65.1742    0.0199919
       46.400000      966.179      72.3100    0.0216582
       47.200000      955.339      79.7691    0.0232841
       48.000000      943.446      85.9845    0.0248414
       48.800000      930.365      92.8196    0.0262957
       49.600000      918.337      98.4587    0.0276401
       50.400000      905.033      104.241    0.0288477
       51.200000      891.499      109.090    0.0299577
       52.000000      878.588      113.190    0.0309371
       52.800000      864.785      117.326    0.0317566
       53.600000      852.183      121.227    0.0325055
       54.400000      838.317      125.332    0.0332117
       55.200000      824.722      127.832    0.0338548
       56.000000      812.036      130.173    0.0344217
       56.800000      799.210      131.338    0.0348982
       57.600000      787.494      132.716    0.0353347
       58.400000      776.448      133.550    0.0355315
       59.200000      765.937      134.050    0.0354057
       60.000000      754.986      135.600    0.0351303
       60.800000      745.189      136.592    0.0348449
       61.600000      736.647      136.644    0.0341017
       62.400000      729.014      137.180    0.0328210
       63.200000      721.738      137.022    0.0314353
       64.000000      715.172      136.883    0.0301021
       64.800000      709.924      135.892    0.0283483
       65.600000      704.972      136.057    0.0261410
       66.400000      701.082      135.344    0.0240121
       67.200000      697.669      134.814    0.0220569
       68.000000      695.112      134.302    0.0198458
       68.800000      692.775      133.954    0.0173772
       69.600000      691.043      133.541    0.0152471
       70.400000      689.705      133.295    0.0134517
       71.200000      688.692      133.052    0.0116746
       72.000000      688.128      132.943   0.00992309
       72.800000      687.741      132.869   0.00867920
       73.600000      687.538      132.788   0.00780576
       74.400000      687.373      132.726   0.00710692
       75.200000      687.301      132.696   0.00658137
       76.000000      687.265      132.686   0.00633834
       76.800000      687.243      132.675   0.00623287
       77.600000      687.237      132.675   0.00615971
       78.400000      687.235      132.675   0.00612534
       79.200000      687.235      132.675   0.00612243
       80.000000      687.235      132.675   0.00612222
       80.800000      687.234      132.674   0.00612176
       81.600000      687.234      132.674   0.00612168
       82.400000      687.234      132.674   0.00612167
       83.200000      687.234      132.674   0.00612167
       84.000000      687.234      132.674   0.00612167
       84.800000      687.234      132.674   0.00612167
       85.600000      687.234      132.674   0.00612167
       86.400000      687.234      132.674   0.00612167
       87.200000      687.234      132.674   0.00612167
       88.000000      687.234      132.674   0.00612167
       88.800000      687.234      132.674   0.00612167
       89.600000      687.234      132.674   0.00612167
       90.400000      687.234      132.674   0.00612167
       91.200000      687.234      132.674   0.00612167
       92.000000      687.234      132.674   0.00612167
       92.800000      687.234      132.674   0.00612167
       93.600000      687.234      132.674   0.00612167
       94.400000      687.234      132.674   0.00612167
       95.200000      687.235      132.674   0.00612167
       96.000000      687.235      132.674   0.00612167
       96.800000      687.235      132.674   0.00612167
       97.600000      687.235      132.674   0.00612167
       98.400000      687.235      132.674   0.00612167
       99.200000      687.235      132.674   0.00612167
       100.00000      687.235      132.674   0.00612167
       100.80000      687.235      132.674   0.00612167
       101.60000      687.235      132.674   0.00612167
       102.40000      687.235      132.674   0.00612167
       103.20000      687.235      132.674   0.00612167
       104.00000      687.235      132.674   0.00612167
       104.80000      687.235      132.674   0.00612166
       105.60000      687.235      132.674   0.00612166
       106.40000      687.235      132.674   0.00612166
       107.20000      687.234      132.674   0.00612166
       108.00000      687.234      132.674   0.00612166
       108.80000      687.234      132.674   0.00612166
       109.60000      687.234      132.674   0.00612166
       110.40000      687.234      132.674   0.00612166
       111.20000      687.234      132.674   0.00612166
       112.00000      687.234      132.674   0.00612166
       112.80000      687.234      132.674   0.00612166
       113.60000      687.234      132.674   0.00612166
       114.40000      687.234      132.674   0.00612166
       115.20000      687.235      132.674   0.00612166
       116.00000      687.235      132.674   0.00612166
       116.80000      687.235      132.674   0.00612166
       117.60000      687.235      132.674   0.00612166
       118.40000      687.235      132.674   0.00612166
       119.20000      687.235      132.674   0.00612166
       120.00000      687.235      132.674   0.00612166
       120.80000      687.235      132.674   0.00612166
       121.60000      687.235      132.674   0.00612166
       122.40000      687.234      132.674   0.00612166
       123.20000      687.235      132.674   0.00612167
       124.00000      687.235      132.674   0.00612166
       124.80000      687.235      132.674   0.00612166
       125.60000      687.235      132.674   0.00612166
       126.40000      687.235      132.674   0.00612166
       127.20000      687.235      132.674   0.00612166
       128.00000      687.235      132.674   0.00612166
       128.80000      687.234      132.674   0.00612166
       129.60000      687.234      132.674   0.00612166
       130.40000      687.234      132.674   0.00612166
       131.20000      687.235      132.674   0.00612166
       132.00000      687.235      132.674   0.00612166
       132.80000      687.235      132.674   0.00612166
       133.60000      687.234      132.674   0.00612166
       134.40000      687.234      132.674   0.00612166
       135.20000      687.234      132.674   0.00612166
       136.00000      687.234      132.674   0.00612166
       136.80000      687.234      132.674   0.00612166
       137.60000      687.234      132.674   0.00612166
       138.40000      687.234      132.674   0.00612166
       139.20000      687.234      132.674   0.00612166
       140.00000      687.234      132.674   0.00612166
       140.80000      687.234      132.674   0.00612166
       141.60000      687.234      132.674   0.00612166
       142.40000      687.234      132.674   0.00612166
       143.20000      687.234      132.674   0.00612166
       144.00000      687.234      132.674   0.00612166
       144.80000      687.234      132.674   0.00612166
       145.60000      687.234      132.674   0.00612166
       146.40000      687.234      132.674   0.00612166
       147.20000      687.234      132.674   0.00612166
       148.00000      687.234      132.674   0.00612166
       148.80000      687.234      132.674   0.00612166
       149.60000      687.234      132.674   0.00612166
       150.40000      687.234      132.674   0.00612166
       151.20000      687.234      132.674   0.00612166
       152.00000      687.234      132.674   0.00612166
       152.80000      687.234      132.674   0.00612166
       153.60000      687.234      132.674   0.00612166
       154.40000      687.234      132.674   0.00612166
       155.20000      687.234      132.674   0.00612166
       156.00000      687.234      132.674   0.00612166
       156.80000      687.234      132.674   0.00612166
       157.60000      687.234      132.674   0.00612166
       158.40000      687.234      132.674   0.00612166
       159.20000      687.234      132.674   0.00612165
       160.00000      687.234      132.674   0.00612165
       160.80000      687.234      132.674   0.00612165
       161.60000      687.234      132.674   0.00612166
       162.40000      687.234      132.674   0.00612166
       163.20000      687.234      132.674   0.00612166
       164.00000      687.234      132.674   0.00612166
       164.80000      687.234      132.674   0.00612166
       165.60000      687.234      132.674   0.00612166
       166.40000      687.234      132.674   0.00612166
       167.20000      687.234      132.674   0.00612166
       168.00000      687.234      132.674   0.00612166
       168.80000      687.234      132.674   0.00612166
       169.60000      687.234      132.674   0.00612166
       170.40000      687.234      132.674   0.00612166
       171.20000      687.234      132.674   0.00612166
       172.00000      687.234      132.674   0.00612166
       172.80000      687.234      132.674   0.00612166
       173.60000      687.233      132.674   0.00612166
       174.40000      687.234      132.674   0.00612166
       175.20000      687.233      132.674   0.00612166
       176.00000      687.233      132.674   0.00612165
       176.80000      687.233      132.674   0.00612165
       177.60000      687.233      132.674   0.00612165
       178.40000      687.233      132.674   0.00612165
       179.20000      687.233      132.674   0.00612165
       180.00000      687.233      132.674   0.00612165
       180.80000      687.233      132.674   0.00612165
       181.60000      687.233      132.674   0.00612165
       182.40000      687.233      132.674   0.00612165
       183.20000      687.233      132.674   0.00612165
       184.00000      687.233      132.674   0.00612165
       184.80000      687.233      132.674   0.00612165
       185.60000      687.233      132.674   0.00612165
       186.40000      687.233      132.674   0.00612165
       187.20000      687.233      132.674   0.00612165
       188.00000      687.233      132.674   0.00612165
       188.80000      687.233      132.674   0.00612165
       189.60000      687.233      132.674   0.00612165
       190.40000      687.233      132.674   0.00612165
       191.20000      687.233      132.674   0.00612165
       192.00000      687.233      132.674   0.00612165
       192.80000      687.233      132.674   0.00612165
       193.60000      687.233      132.674   0.00612165
       194.40000      687.233      132.674   0.00612165
       195.20000      687.234      132.674   0.00612165
       196.00000      687.234      132.674   0.00612165
       196.80000      687.233      132.674   0.00612165
       197.60000      687.234      132.674   0.00612165
       198.40000      687.234      132.674   0.00612165
       199.20000      687.233      132.674   0.00612165
       200.00000      687.233      132.674   0.00612165
