       0.0000000      1021.15      20.2779  0.000173619
      0.80000000      1021.15      20.2779  0.000173619
       1.6000000      1021.15      20.2779  0.000173618
       2.4000000      1021.15      20.2779  0.000173618
       3.2000000      1021.15      20.2779  0.000173618
       4.0000000      1021.15      20.2779  0.000173618
       4.8000000      1021.15      20.2779  0.000173618
       5.6000000      1021.15      20.2779  0.000173618
       6.4000000      1021.15      20.2779  0.000173618
       7.2000000      1021.15      20.2779  0.000173618
       8.0000000      1021.15      20.2779  0.000173618
       8.8000000      1021.15      20.2779  0.000173618
       9.6000000      1021.15      20.2779  0.000173618
       10.400000      1021.15      20.2779  0.000173618
       11.200000      1021.15      20.2779  0.000173618
       12.000000      1021.15      20.2779  0.000173618
       12.800000      1021.15      20.2779  0.000173618
       13.600000      1021.15      20.2779  0.000173618
       14.400000      1021.15      20.2779  0.000173618
       15.200000      1021.15      20.2779  0.000173618
       16.000000      1021.15      20.2779  0.000173618
       16.800000      1021.15      20.2779  0.000173618
       17.600000      1021.15      20.2779  0.000173618
       18.400000      1021.15      20.2779  0.000173618
       19.200000      1021.15      20.2779  0.000173618
       20.000000      1021.15      20.2779  0.000173618
       20.800000      1021.15      20.2779  0.000173618
       21.600000      1021.15      20.2779  0.000173618
       22.400000      1021.15      20.2779  0.000173618
       23.200000      1021.15      20.2779  0.000173618
       24.000000      1021.15      20.2779  0.000173618
       24.800000      1021.15      20.2779  0.000173618
       25.600000      1021.15      20.2779  0.000173618
       26.400000      1021.15      20.2779  0.000173618
       27.200000      1021.15      20.2779  0.000173618
       28.000000      1021.15      20.2779  0.000173620
       28.800000      1021.15      20.2779  0.000173671
       29.600000      1021.15      20.2779  0.000174324
       30.400000      1021.15      20.2779  0.000178443
       31.200000      1021.15      20.2780  0.000200525
       32.000000      1021.15      20.2784  0.000274147
       32.800000      1021.14      20.2793  0.000438599
       33.600000      1021.13      20.2751  0.000736106
       34.400000      1021.08      20.2984   0.00117987
       35.200000      1020.98      20.3227   0.00177691
       36.000000      1020.71      20.4848   0.00253136
       36.800000      1020.39      20.7470   0.00344429
       37.600000      1019.90      21.2011   0.00450044
       38.400000      1018.97      22.3678   0.00568772
       39.200000      1017.57      24.0784   0.00700213
       40.000000      1015.60      26.8933   0.00843159
       40.800000      1012.94      30.2957   0.00994857
       41.600000      1009.30      34.9261    0.0115350
       42.400000      1004.67      39.6319    0.0131883
       43.200000      998.676      46.4147    0.0148908
       44.000000      992.347      52.9545    0.0166088
       44.800000      984.866      59.2867    0.0183065
       45.600000      976.256      65.1743    0.0199917
       46.400000      966.179      72.3101    0.0216587
       47.200000      955.339      79.7691    0.0232841
       48.000000      943.446      85.9846    0.0248408
       48.800000      930.365      92.8197    0.0262956
       49.600000      918.337      98.4587    0.0276406
       50.400000      905.034      104.241    0.0288477
       51.200000      891.498      109.090    0.0299571
       52.000000      878.588      113.190    0.0309370
       52.800000      865.580      118.328    0.0317671
       53.600000      852.629      121.955    0.0324892
       54.400000      839.986      124.993    0.0331389
       55.200000      826.421      128.013    0.0337430
       56.000000      814.245      129.507    0.0343666
       56.800000      802.260      131.168    0.0349581
       57.600000      789.435      133.795    0.0354993
       58.400000      777.832      134.740    0.0361633
       59.200000      767.293      135.826    0.0368088
       60.000000      755.625      136.118    0.0373108
       60.800000      744.081      136.347    0.0378897
       61.600000      734.513      136.293    0.0386438
       62.400000      725.473      135.928    0.0391138
       63.200000      715.667      136.263    0.0394606
       64.000000      706.675      136.344    0.0401202
       64.800000      697.454      136.127    0.0409389
       65.600000      688.384      136.037    0.0413319
       66.400000      678.786      135.833    0.0417062
       67.200000      669.784      136.131    0.0425521
       68.000000      660.919      136.110    0.0434634
       68.800000      653.247      136.055    0.0438053
       69.600000      644.965      136.279    0.0441106
       70.400000      637.309      136.332    0.0449563
       71.200000      629.635      134.868    0.0458381
       72.000000      622.153      134.633    0.0460764
       72.800000      614.632      134.748    0.0464296
       73.600000      607.393      134.178    0.0474013
       74.400000      599.578      133.946    0.0483446
       75.200000      591.924      132.736    0.0486058
       76.000000      584.982      131.574    0.0490010
       76.800000      577.979      130.863    0.0499020
       77.600000      571.289      130.356    0.0507806
       78.400000      564.901      129.653    0.0510439
       79.200000      558.094      128.470    0.0514645
       80.000000      550.856      127.455    0.0524081
       80.800000      544.183      126.190    0.0534140
       81.600000      537.782      125.371    0.0537535
       82.400000      531.745      124.687    0.0541142
       83.200000      526.180      123.431    0.0549693
       84.000000      520.142      122.482    0.0558542
       84.800000      514.799      121.718    0.0562127
       85.600000      508.990      120.270    0.0566808
       86.400000      503.520      119.256    0.0574938
       87.200000      497.915      118.307    0.0583470
       88.000000      493.045      117.725    0.0587734
       88.800000      487.874      116.943    0.0591924
       89.600000      482.941      116.074    0.0599767
       90.400000      478.120      115.200    0.0608530
       91.200000      473.094      113.763    0.0612786
       92.000000      468.478      112.795    0.0617203
       92.800000      463.842      112.382    0.0624894
       93.600000      458.962      111.519    0.0633824
       94.400000      454.390      110.716    0.0639203
       95.200000      449.812      109.948    0.0643737
       96.000000      445.705      108.977    0.0651241
       96.800000      441.026      108.172    0.0659711
       97.600000      436.624      107.319    0.0665596
       98.400000      432.572      106.308    0.0670577
       99.200000      428.905      105.253    0.0676860
       100.00000      425.004      104.679    0.0683787
       100.80000      420.687      103.445    0.0690405
       101.60000      416.848      102.754    0.0696732
       102.40000      413.456      101.756    0.0703263
       103.20000      409.546      100.420    0.0708260
       104.00000      405.892      99.1514    0.0714538
       104.80000      402.268      98.2133    0.0721397
       105.60000      398.735      97.2628    0.0728442
       106.40000      395.316      96.2056    0.0732145
       107.20000      391.697      95.5581    0.0735239
       108.00000      388.653      95.0309    0.0736672
       108.80000      385.490      94.1961    0.0734229
       109.60000      382.424      93.4825    0.0724223
       110.40000      379.375      92.7208    0.0712378
       111.20000      376.835      92.1327    0.0697166
       112.00000      374.141      91.4536    0.0675814
       112.80000      371.910      90.9095    0.0646109
       113.60000      369.759      90.2383    0.0615942
       114.40000      367.956      89.7567    0.0582012
       115.20000      366.263      89.3540    0.0544212
       116.00000      364.934      88.9087    0.0500210
       116.80000      363.704      88.4987    0.0458984
       117.60000      362.696      88.0860    0.0415735
       118.40000      361.826      87.7604    0.0373274
       119.20000      361.128      87.5238    0.0327757
       120.00000      360.596      87.3591    0.0290802
       120.80000      360.279      87.3112    0.0255217
       121.60000      360.091      87.3008    0.0224126
       122.40000      359.895      87.2515    0.0196675
       123.20000      359.784      87.1829    0.0179139
       124.00000      359.743      87.1730    0.0165536
       124.80000      359.708      87.1640    0.0155450
       125.60000      359.689      87.1559    0.0149771
       126.40000      359.679      87.1531    0.0147058
       127.20000      359.674      87.1500    0.0145609
       128.00000      359.672      87.1504    0.0144983
       128.80000      359.671      87.1497    0.0144761
       129.60000      359.671      87.1497    0.0144716
       130.40000      359.671      87.1497    0.0144716
       131.20000      359.671      87.1497    0.0144713
       132.00000      359.671      87.1497    0.0144713
       132.80000      359.671      87.1497    0.0144713
       133.60000      359.671      87.1497    0.0144713
       134.40000      359.671      87.1497    0.0144713
       135.20000      359.671      87.1497    0.0144713
       136.00000      359.671      87.1497    0.0144713
       136.80000      359.671      87.1497    0.0144713
       137.60000      359.671      87.1497    0.0144713
       138.40000      359.671      87.1497    0.0144713
       139.20000      359.671      87.1497    0.0144713
       140.00000      359.671      87.1497    0.0144713
       140.80000      359.671      87.1497    0.0144713
       141.60000      359.671      87.1497    0.0144713
       142.40000      359.671      87.1497    0.0144713
       143.20000      359.671      87.1497    0.0144713
       144.00000      359.671      87.1497    0.0144713
       144.80000      359.671      87.1497    0.0144713
       145.60000      359.671      87.1497    0.0144713
       146.40000      359.671      87.1497    0.0144713
       147.20000      359.671      87.1497    0.0144713
       148.00000      359.671      87.1497    0.0144713
       148.80000      359.671      87.1497    0.0144713
       149.60000      359.671      87.1497    0.0144713
       150.40000      359.671      87.1497    0.0144713
       151.20000      359.671      87.1497    0.0144713
       152.00000      359.671      87.1497    0.0144713
       152.80000      359.671      87.1497    0.0144713
       153.60000      359.671      87.1497    0.0144713
       154.40000      359.671      87.1497    0.0144713
       155.20000      359.671      87.1497    0.0144713
       156.00000      359.671      87.1497    0.0144713
       156.80000      359.671      87.1497    0.0144713
       157.60000      359.671      87.1497    0.0144713
       158.40000      359.671      87.1497    0.0144713
       159.20000      359.671      87.1497    0.0144713
       160.00000      359.671      87.1497    0.0144713
       160.80000      359.671      87.1497    0.0144713
       161.60000      359.671      87.1497    0.0144713
       162.40000      359.671      87.1497    0.0144713
       163.20000      359.671      87.1497    0.0144713
       164.00000      359.671      87.1497    0.0144713
       164.80000      359.671      87.1497    0.0144713
       165.60000      359.671      87.1498    0.0144713
       166.40000      359.671      87.1498    0.0144713
       167.20000      359.671      87.1497    0.0144713
       168.00000      359.671      87.1497    0.0144713
       168.80000      359.671      87.1497    0.0144713
       169.60000      359.671      87.1497    0.0144713
       170.40000      359.671      87.1497    0.0144713
       171.20000      359.671      87.1498    0.0144713
       172.00000      359.671      87.1498    0.0144713
       172.80000      359.671      87.1497    0.0144713
       173.60000      359.671      87.1498    0.0144713
       174.40000      359.671      87.1498    0.0144713
       175.20000      359.671      87.1498    0.0144713
       176.00000      359.671      87.1498    0.0144713
       176.80000      359.671      87.1497    0.0144713
       177.60000      359.671      87.1497    0.0144713
       178.40000      359.671      87.1498    0.0144713
       179.20000      359.672      87.1498    0.0144713
       180.00000      359.672      87.1498    0.0144713
       180.80000      359.671      87.1498    0.0144713
       181.60000      359.671      87.1498    0.0144713
       182.40000      359.671      87.1497    0.0144713
       183.20000      359.671      87.1498    0.0144713
       184.00000      359.671      87.1498    0.0144713
       184.80000      359.672      87.1498    0.0144713
       185.60000      359.672      87.1498    0.0144713
       186.40000      359.672      87.1498    0.0144713
       187.20000      359.672      87.1498    0.0144713
       188.00000      359.672      87.1498    0.0144713
       188.80000      359.671      87.1498    0.0144713
       189.60000      359.672      87.1498    0.0144713
       190.40000      359.672      87.1498    0.0144713
       191.20000      359.672      87.1498    0.0144713
       192.00000      359.672      87.1498    0.0144713
       192.80000      359.672      87.1498    0.0144713
       193.60000      359.672      87.1498    0.0144713
       194.40000      359.672      87.1498    0.0144713
       195.20000      359.672      87.1498    0.0144713
       196.00000      359.672      87.1498    0.0144713
       196.80000      359.672      87.1498    0.0144713
       197.60000      359.672      87.1498    0.0144713
       198.40000      359.672      87.1497    0.0144713
       199.20000      359.672      87.1497    0.0144713
       200.00000      359.672      87.1497    0.0144713
       200.80000      359.672      87.1497    0.0144713
       201.60000      359.672      87.1498    0.0144713
       202.40000      359.672      87.1498    0.0144713
       203.20000      359.672      87.1498    0.0144713
       204.00000      359.672      87.1498    0.0144713
       204.80000      359.672      87.1498    0.0144713
       205.60000      359.672      87.1498    0.0144713
       206.40000      359.672      87.1498    0.0144713
       207.20000      359.672      87.1498    0.0144713
       208.00000      359.672      87.1498    0.0144713
       208.80000      359.672      87.1498    0.0144713
       209.60000      359.672      87.1498    0.0144713
       210.40000      359.672      87.1498    0.0144713
       211.20000      359.672      87.1498    0.0144713
       212.00000      359.672      87.1498    0.0144713
       212.80000      359.672      87.1498    0.0144713
       213.60000      359.672      87.1498    0.0144713
       214.40000      359.672      87.1498    0.0144713
       215.20000      359.672      87.1498    0.0144713
       216.00000      359.672      87.1498    0.0144713
       216.80000      359.672      87.1498    0.0144713
       217.60000      359.672      87.1498    0.0144713
       218.40000      359.672      87.1498    0.0144713
       219.20000      359.672      87.1498    0.0144713
       220.00000      359.672      87.1498    0.0144713
       220.80000      359.672      87.1498    0.0144713
       221.60000      359.672      87.1498    0.0144713
       222.40000      359.672      87.1498    0.0144713
       223.20000      359.672      87.1498    0.0144713
       224.00000      359.672      87.1498    0.0144713
       224.80000      359.672      87.1498    0.0144713
       225.60000      359.673      87.1498    0.0144713
       226.40000      359.673      87.1498    0.0144713
       227.20000      359.672      87.1498    0.0144713
       228.00000      359.672      87.1498    0.0144713
       228.80000      359.672      87.1498    0.0144713
       229.60000      359.672      87.1498    0.0144713
       230.40000      359.672      87.1498    0.0144713
       231.20000      359.672      87.1498    0.0144713
       232.00000      359.672      87.1498    0.0144713
       232.80000      359.672      87.1498    0.0144713
       233.60000      359.672      87.1498    0.0144713
       234.40000      359.672      87.1498    0.0144713
       235.20000      359.672      87.1498    0.0144713
       236.00000      359.672      87.1498    0.0144713
       236.80000      359.672      87.1498    0.0144713
       237.60000      359.672      87.1498    0.0144713
       238.40000      359.673      87.1498    0.0144713
       239.20000      359.673      87.1498    0.0144713
       240.00000      359.673      87.1498    0.0144713
       240.80000      359.673      87.1498    0.0144713
       241.60000      359.673      87.1498    0.0144713
       242.40000      359.673      87.1498    0.0144713
       243.20000      359.673      87.1498    0.0144713
       244.00000      359.673      87.1498    0.0144713
       244.80000      359.673      87.1498    0.0144713
       245.60000      359.673      87.1498    0.0144713
       246.40000      359.672      87.1498    0.0144713
       247.20000      359.673      87.1498    0.0144713
       248.00000      359.673      87.1498    0.0144713
       248.80000      359.673      87.1498    0.0144713
       249.60000      359.673      87.1498    0.0144713
       250.40000      359.673      87.1498    0.0144713
       251.20000      359.673      87.1498    0.0144713
       252.00000      359.673      87.1498    0.0144713
       252.80000      359.673      87.1498    0.0144713
       253.60000      359.673      87.1498    0.0144713
       254.40000      359.673      87.1498    0.0144713
       255.20000      359.673      87.1498    0.0144713
       256.00000      359.673      87.1498    0.0144713
       256.80000      359.673      87.1498    0.0144713
       257.60000      359.673      87.1498    0.0144713
       258.40000      359.673      87.1498    0.0144713
       259.20000      359.673      87.1498    0.0144713
       260.00000      359.673      87.1498    0.0144713
       260.80000      359.673      87.1498    0.0144713
       261.60000      359.673      87.1498    0.0144713
       262.40000      359.673      87.1498    0.0144713
       263.20000      359.673      87.1498    0.0144713
       264.00000      359.673      87.1498    0.0144713
       264.80000      359.673      87.1498    0.0144713
       265.60000      359.673      87.1498    0.0144713
       266.40000      359.673      87.1498    0.0144713
       267.20000      359.673      87.1499    0.0144713
       268.00000      359.673      87.1499    0.0144713
       268.80000      359.673      87.1498    0.0144713
       269.60000      359.673      87.1498    0.0144713
       270.40000      359.673      87.1498    0.0144713
       271.20000      359.673      87.1498    0.0144713
       272.00000      359.673      87.1498    0.0144713
       272.80000      359.673      87.1498    0.0144713
       273.60000      359.673      87.1498    0.0144713
       274.40000      359.673      87.1498    0.0144713
       275.20000      359.673      87.1498    0.0144713
       276.00000      359.673      87.1498    0.0144713
       276.80000      359.673      87.1498    0.0144713
       277.60000      359.673      87.1498    0.0144713
       278.40000      359.673      87.1498    0.0144713
       279.20000      359.673      87.1498    0.0144713
       280.00000      359.673      87.1498    0.0144713
       280.80000      359.673      87.1498    0.0144713
       281.60000      359.673      87.1498    0.0144713
       282.40000      359.673      87.1499    0.0144713
       283.20000      359.673      87.1498    0.0144713
       284.00000      359.673      87.1498    0.0144713
       284.80000      359.673      87.1498    0.0144713
       285.60000      359.673      87.1498    0.0144713
       286.40000      359.673      87.1498    0.0144713
       287.20000      359.673      87.1498    0.0144713
       288.00000      359.673      87.1498    0.0144713
       288.80000      359.673      87.1499    0.0144713
       289.60000      359.673      87.1499    0.0144713
       290.40000      359.673      87.1498    0.0144713
       291.20000      359.673      87.1499    0.0144713
       292.00000      359.673      87.1499    0.0144713
       292.80000      359.673      87.1498    0.0144713
       293.60000      359.673      87.1498    0.0144713
       294.40000      359.673      87.1498    0.0144713
       295.20000      359.673      87.1499    0.0144713
       296.00000      359.673      87.1499    0.0144713
       296.80000      359.673      87.1498    0.0144713
       297.60000      359.673      87.1498    0.0144713
       298.40000      359.673      87.1498    0.0144713
       299.20000      359.673      87.1498    0.0144713
       300.00000      359.673      87.1498    0.0144713
