       0.0000000      1021.15      20.2779  0.000173619
      0.80000000      1021.15      20.2779  0.000173619
       1.6000000      1021.15      20.2779  0.000173618
       2.4000000      1021.15      20.2779  0.000173618
       3.2000000      1021.15      20.2779  0.000173618
       4.0000000      1021.15      20.2779  0.000173618
       4.8000000      1021.15      20.2779  0.000173618
       5.6000000      1021.15      20.2779  0.000173618
       6.4000000      1021.15      20.2779  0.000173618
       7.2000000      1021.15      20.2779  0.000173618
       8.0000000      1021.15      20.2779  0.000173618
       8.8000000      1021.15      20.2779  0.000173618
       9.6000000      1021.15      20.2779  0.000173618
       10.400000      1021.15      20.2779  0.000173618
       11.200000      1021.15      20.2779  0.000173618
       12.000000      1021.15      20.2779  0.000173618
       12.800000      1021.15      20.2779  0.000173618
       13.600000      1021.15      20.2779  0.000173618
       14.400000      1021.15      20.2779  0.000173618
       15.200000      1021.15      20.2779  0.000173618
       16.000000      1021.15      20.2779  0.000173618
       16.800000      1021.15      20.2779  0.000173618
       17.600000      1021.15      20.2779  0.000173618
       18.400000      1021.15      20.2779  0.000173618
       19.200000      1021.15      20.2779  0.000173618
       20.000000      1021.15      20.2779  0.000173618
       20.800000      1021.15      20.2779  0.000173618
       21.600000      1021.15      20.2779  0.000173618
       22.400000      1021.15      20.2779  0.000173618
       23.200000      1021.15      20.2779  0.000173618
       24.000000      1021.15      20.2779  0.000173618
       24.800000      1021.15      20.2779  0.000173618
       25.600000      1021.15      20.2779  0.000173618
       26.400000      1021.15      20.2779  0.000173618
       27.200000      1021.15      20.2779  0.000173618
       28.000000      1021.15      20.2779  0.000173620
       28.800000      1021.15      20.2779  0.000173670
       29.600000      1021.15      20.2779  0.000174287
       30.400000      1021.15      20.2779  0.000178408
       31.200000      1021.15      20.2780  0.000201288
       32.000000      1021.15      20.2784  0.000274087
       32.800000      1021.14      20.2793  0.000438704
       33.600000      1021.13      20.2751  0.000736693
       34.400000      1021.08      20.2983   0.00118011
       35.200000      1020.98      20.3226   0.00177569
       36.000000      1020.71      20.4847   0.00253136
       36.800000      1020.39      20.7469   0.00344532
       37.600000      1019.90      21.2010   0.00450051
       38.400000      1018.97      22.3677   0.00568660
       39.200000      1017.57      24.0783   0.00700210
       40.000000      1015.60      26.8932   0.00843258
       40.800000      1012.94      30.2956   0.00994859
       41.600000      1009.30      34.9261    0.0115339
       42.400000      1004.67      39.6318    0.0131883
       43.200000      998.676      46.4146    0.0148919
       44.000000      992.348      52.9544    0.0166086
       44.800000      984.867      59.2867    0.0183054
       45.600000      976.256      65.1743    0.0199918
       46.400000      966.179      72.3100    0.0216597
       47.200000      955.339      79.7691    0.0232839
       48.000000      943.446      85.9845    0.0248397
       48.800000      930.365      92.8196    0.0262958
       49.600000      918.166      98.7133    0.0276468
       50.400000      905.269      104.877    0.0288719
       51.200000      891.060      110.485    0.0299766
       52.000000      877.726      114.716    0.0309852
       52.800000      864.381      118.226    0.0318277
       53.600000      851.394      120.510    0.0325082
       54.400000      839.641      124.640    0.0331131
       55.200000      826.561      126.230    0.0337147
       56.000000      813.747      128.794    0.0343594
       56.800000      801.934      130.742    0.0349628
       57.600000      789.783      132.223    0.0355153
       58.400000      778.520      134.336    0.0361019
       59.200000      767.867      134.886    0.0367326
       60.000000      756.643      135.547    0.0372944
       60.800000      746.567      136.257    0.0378644
       61.600000      736.270      137.503    0.0384503
       62.400000      726.213      137.766    0.0390487
       63.200000      716.541      137.622    0.0396231
       64.000000      706.385      137.431    0.0402255
       64.800000      696.918      136.913    0.0408240
       65.600000      687.833      137.337    0.0413800
       66.400000      678.948      137.494    0.0419498
       67.200000      670.321      136.868    0.0426003
       68.000000      661.761      136.297    0.0431892
       68.800000      653.148      136.003    0.0437455
       69.600000      645.754      135.832    0.0443724
       70.400000      637.409      135.553    0.0449641
       71.200000      630.066      134.772    0.0455385
       72.000000      622.087      134.237    0.0460970
       72.800000      614.280      134.384    0.0467755
       73.600000      607.186      134.232    0.0474735
       74.400000      599.749      133.092    0.0480150
       75.200000      592.475      132.524    0.0485067
       76.000000      585.314      132.039    0.0492429
       76.800000      578.084      130.899    0.0499890
       77.600000      571.011      130.029    0.0505369
       78.400000      564.488      129.417    0.0510745
       79.200000      558.415      128.807    0.0517355
       80.000000      551.130      128.497    0.0524104
       80.800000      544.603      127.301    0.0531523
       81.600000      538.596      125.996    0.0537799
       82.400000      532.686      124.924    0.0542900
       83.200000      526.770      124.125    0.0548582
       84.000000      521.070      123.392    0.0556724
       84.800000      514.861      122.403    0.0563355
       85.600000      509.464      121.253    0.0569008
       86.400000      503.423      119.748    0.0574332
       87.200000      497.378      118.367    0.0582628
       88.000000      492.266      117.450    0.0590434
       88.800000      487.603      116.871    0.0594996
       89.600000      482.552      115.703    0.0598765
       90.400000      477.417      114.723    0.0606888
       91.200000      472.217      113.295    0.0616012
       92.000000      467.576      112.542    0.0621111
       92.800000      462.472      111.474    0.0624418
       93.600000      457.719      110.867    0.0633234
       94.400000      452.844      109.448    0.0643310
       95.200000      448.385      108.525    0.0648117
       96.000000      443.823      107.214    0.0650718
       96.800000      439.593      106.202    0.0659500
       97.600000      435.464      105.203    0.0669252
       98.400000      431.794      104.520    0.0672713
       99.200000      427.690      103.353    0.0674702
       100.00000      424.027      102.551    0.0683732
       100.80000      419.672      101.575    0.0694241
       101.60000      415.884      100.829    0.0698624
       102.40000      412.470      100.112    0.0700908
       103.20000      408.592      99.0377    0.0708676
       104.00000      404.747      98.1234    0.0719063
       104.80000      400.962      97.3843    0.0724452
       105.60000      397.621      96.8663    0.0727849
       106.40000      394.387      95.8514    0.0735091
       107.20000      390.724      95.2071    0.0744007
       108.00000      387.896      94.5782    0.0749057
       108.80000      384.369      93.4134    0.0752916
       109.60000      380.936      92.4270    0.0760441
       110.40000      377.846      91.6099    0.0769701
       111.20000      374.751      90.7664    0.0774030
       112.00000      371.698      90.1270    0.0778044
       112.80000      368.454      88.9756    0.0785965
       113.60000      365.397      88.0858    0.0795317
       114.40000      362.304      87.0681    0.0799740
       115.20000      359.447      86.5893    0.0804104
       116.00000      356.397      85.6790    0.0812412
       116.80000      353.613      84.8880    0.0821859
       117.60000      351.038      84.2715    0.0825112
       118.40000      347.939      83.1250    0.0828895
       119.20000      344.959      82.5654    0.0838719
       120.00000      342.463      81.9549    0.0849106
       120.80000      339.883      81.2862    0.0851570
       121.60000      337.451      80.7972    0.0854759
       122.40000      334.923      80.2879    0.0864585
       123.20000      332.173      79.7766    0.0874815
       124.00000      329.521      78.8352    0.0878545
       124.80000      327.167      78.4005    0.0882299
       125.60000      324.783      78.0013    0.0891295
       126.40000      322.087      77.2439    0.0901069
       127.20000      319.638      76.4312    0.0905586
       128.00000      317.067      75.4955    0.0909819
       128.80000      314.682      74.8496    0.0918895
       129.60000      312.553      74.1856    0.0928604
       130.40000      310.418      73.8031    0.0931514
       131.20000      308.108      73.0196    0.0935772
       132.00000      306.060      72.5019    0.0945492
       132.80000      304.038      72.0303    0.0954061
       133.60000      301.966      71.3459    0.0956216
       134.40000      299.696      70.5386    0.0961331
       135.20000      297.460      69.8199    0.0972224
       136.00000      295.266      69.1240    0.0981310
       136.80000      293.062      68.3318    0.0983980
       137.60000      290.999      67.8240    0.0990045
       138.40000      288.896      67.5332     0.100103
       139.20000      286.735      66.8535     0.101003
       140.00000      284.875      66.2969     0.101270
       140.80000      282.725      65.6261     0.101830
       141.60000      280.965      65.2576     0.102897
       142.40000      279.058      64.4610     0.103721
       143.20000      277.301      64.0970     0.103924
       144.00000      275.464      63.6456     0.104524
       144.80000      273.651      63.1468     0.105601
       145.60000      271.776      62.6070     0.106379
       146.40000      270.023      61.9166     0.106678
       147.20000      268.391      61.4468     0.107264
       148.00000      266.849      61.1578     0.108226
       148.80000      264.888      60.5778     0.108976
       149.60000      263.007      59.9068     0.109459
       150.40000      261.460      59.5440     0.110203
       151.20000      259.949      59.1681     0.111036
       152.00000      258.201      58.5718     0.111618
       152.80000      256.521      58.0417     0.112177
       153.60000      255.046      57.6883     0.112992
       154.40000      253.518      57.2696     0.113687
       155.20000      251.936      56.9006     0.114237
       156.00000      250.334      56.5002     0.115013
       156.80000      248.942      56.2372     0.115873
       157.60000      247.451      55.7292     0.116469
       158.40000      245.894      55.1595     0.116959
       159.20000      244.382      54.6551     0.117791
       160.00000      243.062      54.3937     0.118651
       160.80000      241.585      53.9865     0.119131
       161.60000      240.236      53.6487     0.119647
       162.40000      238.899      53.2754     0.120587
       163.20000      237.487      52.8992     0.121346
       164.00000      236.152      52.5590     0.121858
       164.80000      234.743      51.9185     0.122446
       165.60000      233.534      51.5600     0.123303
       166.40000      232.227      51.1349     0.123962
       167.20000      230.934      50.7578     0.124469
       168.00000      229.697      50.5194     0.125104
       168.80000      228.416      50.1369     0.125995
       169.60000      227.224      49.8114     0.126678
       170.40000      225.876      49.5275     0.127178
       171.20000      224.617      49.1911     0.127923
       172.00000      223.381      48.7860     0.128844
       172.80000      221.937      48.3181     0.129455
       173.60000      220.733      48.0401     0.130104
       174.40000      219.482      47.6575     0.130942
       175.20000      218.260      47.1039     0.131778
       176.00000      217.080      46.7676     0.132309
       176.80000      215.845      46.1991     0.132911
       177.60000      214.631      45.8059     0.133787
       178.40000      213.467      45.4969     0.134648
       179.20000      212.378      45.2724     0.135213
       180.00000      211.160      44.9700     0.135793
       180.80000      210.106      44.6420     0.136707
       181.60000      209.004      44.2020     0.137519
       182.40000      207.959      43.9118     0.137947
       183.20000      206.814      43.6283     0.138566
       184.00000      205.715      43.2696     0.139582
       184.80000      204.657      42.7211     0.140392
       185.60000      203.494      42.3969     0.140728
       186.40000      202.509      42.2531     0.141459
       187.20000      201.574      42.0146     0.142542
       188.00000      200.510      41.7363     0.143213
       188.80000      199.494      41.4200     0.143560
       189.60000      198.558      41.0589     0.144284
       190.40000      197.583      40.7707     0.145261
       191.20000      196.629      40.4660     0.145961
       192.00000      195.632      40.1265     0.146314
       192.80000      194.586      39.7797     0.147073
       193.60000      193.654      39.3860     0.148171
       194.40000      192.714      39.0957     0.148861
       195.20000      191.892      38.8544     0.149135
       196.00000      191.085      38.6393     0.149791
       196.80000      190.133      38.3886     0.150752
       197.60000      189.246      38.0569     0.151568
       198.40000      188.388      37.8411     0.151943
       199.20000      187.581      37.6218     0.152526
       200.00000      186.666      37.3384     0.153463
       200.80000      185.870      37.1566     0.154337
       201.60000      184.994      36.8892     0.154718
       202.40000      184.182      36.7062     0.155292
       203.20000      183.346      36.3775     0.156254
       204.00000      182.556      36.1186     0.157110
       204.80000      181.768      35.9201     0.157466
       205.60000      180.920      35.5754     0.157933
       206.40000      180.093      35.2184     0.158785
       207.20000      179.339      35.1049     0.159249
       208.00000      178.551      34.9220     0.158694
       208.80000      177.786      34.7302     0.157552
       209.60000      177.048      34.5060     0.156079
       210.40000      176.210      34.2673     0.153554
       211.20000      175.550      34.1579     0.149707
       212.00000      174.863      34.0282     0.144868
       212.80000      174.236      33.9016     0.139526
       213.60000      173.637      33.7890     0.133228
       214.40000      173.110      33.7167     0.125691
       215.20000      172.612      33.6576     0.117463
       216.00000      172.191      33.5989     0.109140
       216.80000      171.780      33.5241     0.100282
       217.60000      171.496      33.4887    0.0907623
       218.40000      171.232      33.4543    0.0812043
       219.20000      171.008      33.3926    0.0722777
       220.00000      170.845      33.3863    0.0635604
       220.80000      170.717      33.3675    0.0550082
       221.60000      170.622      33.3700    0.0472613
       222.40000      170.550      33.3512    0.0411010
       223.20000      170.500      33.3529    0.0360362
       224.00000      170.469      33.3504    0.0318249
       224.80000      170.449      33.3538    0.0288818
       225.60000      170.439      33.3538    0.0271958
       226.40000      170.434      33.3544    0.0262019
       227.20000      170.431      33.3545    0.0256439
       228.00000      170.430      33.3546    0.0253485
       228.80000      170.429      33.3547    0.0252561
       229.60000      170.429      33.3548    0.0252249
       230.40000      170.429      33.3548    0.0252193
       231.20000      170.429      33.3548    0.0252203
       232.00000      170.429      33.3548    0.0252204
       232.80000      170.429      33.3548    0.0252203
       233.60000      170.429      33.3548    0.0252203
       234.40000      170.429      33.3548    0.0252203
       235.20000      170.429      33.3548    0.0252203
       236.00000      170.429      33.3548    0.0252203
       236.80000      170.429      33.3548    0.0252203
       237.60000      170.429      33.3548    0.0252203
       238.40000      170.429      33.3548    0.0252203
       239.20000      170.429      33.3548    0.0252203
       240.00000      170.429      33.3548    0.0252203
       240.80000      170.429      33.3548    0.0252203
       241.60000      170.429      33.3548    0.0252203
       242.40000      170.429      33.3548    0.0252203
       243.20000      170.429      33.3548    0.0252203
       244.00000      170.429      33.3548    0.0252203
       244.80000      170.429      33.3548    0.0252203
       245.60000      170.430      33.3548    0.0252203
       246.40000      170.429      33.3548    0.0252203
       247.20000      170.429      33.3548    0.0252203
       248.00000      170.429      33.3548    0.0252203
       248.80000      170.429      33.3548    0.0252203
       249.60000      170.429      33.3547    0.0252203
       250.40000      170.429      33.3547    0.0252203
       251.20000      170.429      33.3547    0.0252203
       252.00000      170.429      33.3547    0.0252203
       252.80000      170.429      33.3547    0.0252203
       253.60000      170.429      33.3547    0.0252203
       254.40000      170.429      33.3548    0.0252203
       255.20000      170.429      33.3547    0.0252203
       256.00000      170.429      33.3547    0.0252203
       256.80000      170.429      33.3548    0.0252203
       257.60000      170.429      33.3547    0.0252203
       258.40000      170.429      33.3548    0.0252203
       259.20000      170.429      33.3547    0.0252203
       260.00000      170.429      33.3547    0.0252203
       260.80000      170.429      33.3547    0.0252203
       261.60000      170.429      33.3547    0.0252203
       262.40000      170.429      33.3547    0.0252203
       263.20000      170.429      33.3547    0.0252203
       264.00000      170.429      33.3547    0.0252203
       264.80000      170.429      33.3547    0.0252203
       265.60000      170.429      33.3547    0.0252203
       266.40000      170.429      33.3547    0.0252203
       267.20000      170.429      33.3547    0.0252203
       268.00000      170.429      33.3547    0.0252203
       268.80000      170.429      33.3547    0.0252203
       269.60000      170.429      33.3548    0.0252203
       270.40000      170.429      33.3548    0.0252203
       271.20000      170.429      33.3548    0.0252203
       272.00000      170.429      33.3548    0.0252203
       272.80000      170.429      33.3548    0.0252203
       273.60000      170.429      33.3547    0.0252203
       274.40000      170.429      33.3548    0.0252203
       275.20000      170.429      33.3548    0.0252203
       276.00000      170.429      33.3548    0.0252203
       276.80000      170.429      33.3548    0.0252203
       277.60000      170.429      33.3548    0.0252203
       278.40000      170.429      33.3548    0.0252203
       279.20000      170.429      33.3548    0.0252203
       280.00000      170.429      33.3548    0.0252203
       280.80000      170.429      33.3548    0.0252203
       281.60000      170.430      33.3548    0.0252203
       282.40000      170.430      33.3548    0.0252203
       283.20000      170.430      33.3548    0.0252203
       284.00000      170.430      33.3548    0.0252203
       284.80000      170.430      33.3548    0.0252203
       285.60000      170.430      33.3548    0.0252203
       286.40000      170.430      33.3548    0.0252203
       287.20000      170.430      33.3548    0.0252203
       288.00000      170.430      33.3548    0.0252203
       288.80000      170.430      33.3548    0.0252203
       289.60000      170.430      33.3548    0.0252203
       290.40000      170.430      33.3548    0.0252203
       291.20000      170.429      33.3548    0.0252203
       292.00000      170.429      33.3548    0.0252203
       292.80000      170.430      33.3548    0.0252203
       293.60000      170.430      33.3548    0.0252203
       294.40000      170.430      33.3548    0.0252203
       295.20000      170.430      33.3548    0.0252203
       296.00000      170.430      33.3548    0.0252203
       296.80000      170.430      33.3548    0.0252203
       297.60000      170.430      33.3548    0.0252203
       298.40000      170.430      33.3548    0.0252203
       299.20000      170.430      33.3548    0.0252203
       300.00000      170.430      33.3548    0.0252203
       300.80000      170.430      33.3548    0.0252203
       301.60000      170.430      33.3548    0.0252203
       302.40000      170.430      33.3548    0.0252203
       303.20000      170.430      33.3548    0.0252203
       304.00000      170.430      33.3548    0.0252203
       304.80000      170.430      33.3548    0.0252203
       305.60000      170.430      33.3548    0.0252203
       306.40000      170.430      33.3548    0.0252203
       307.20000      170.430      33.3548    0.0252203
       308.00000      170.430      33.3548    0.0252203
       308.80000      170.430      33.3548    0.0252203
       309.60000      170.430      33.3548    0.0252203
       310.40000      170.430      33.3548    0.0252203
       311.20000      170.430      33.3548    0.0252203
       312.00000      170.430      33.3548    0.0252203
       312.80000      170.430      33.3548    0.0252203
       313.60000      170.430      33.3548    0.0252203
       314.40000      170.430      33.3548    0.0252203
       315.20000      170.430      33.3548    0.0252203
       316.00000      170.430      33.3548    0.0252203
       316.80000      170.430      33.3548    0.0252203
       317.60000      170.430      33.3548    0.0252203
       318.40000      170.430      33.3548    0.0252203
       319.20000      170.430      33.3548    0.0252203
       320.00000      170.430      33.3548    0.0252203
       320.80000      170.430      33.3548    0.0252203
       321.60000      170.430      33.3548    0.0252203
       322.40000      170.430      33.3548    0.0252203
       323.20000      170.430      33.3548    0.0252203
       324.00000      170.430      33.3548    0.0252203
       324.80000      170.430      33.3548    0.0252203
       325.60000      170.430      33.3548    0.0252203
       326.40000      170.430      33.3548    0.0252203
       327.20000      170.430      33.3548    0.0252203
       328.00000      170.430      33.3548    0.0252203
       328.80000      170.430      33.3548    0.0252203
       329.60000      170.430      33.3548    0.0252203
       330.40000      170.430      33.3548    0.0252203
       331.20000      170.430      33.3548    0.0252203
       332.00000      170.430      33.3548    0.0252203
       332.80000      170.430      33.3548    0.0252203
       333.60000      170.430      33.3548    0.0252203
       334.40000      170.430      33.3548    0.0252203
       335.20000      170.430      33.3548    0.0252203
       336.00000      170.430      33.3548    0.0252203
       336.80000      170.430      33.3548    0.0252203
       337.60000      170.430      33.3548    0.0252203
       338.40000      170.430      33.3548    0.0252203
       339.20000      170.430      33.3548    0.0252203
       340.00000      170.430      33.3548    0.0252203
       340.80000      170.430      33.3548    0.0252203
       341.60000      170.430      33.3548    0.0252203
       342.40000      170.430      33.3548    0.0252203
       343.20000      170.430      33.3548    0.0252203
       344.00000      170.430      33.3548    0.0252203
       344.80000      170.430      33.3548    0.0252203
       345.60000      170.430      33.3548    0.0252203
       346.40000      170.430      33.3548    0.0252203
       347.20000      170.430      33.3548    0.0252203
       348.00000      170.430      33.3548    0.0252203
       348.80000      170.430      33.3548    0.0252203
       349.60000      170.430      33.3548    0.0252203
       350.40000      170.430      33.3548    0.0252203
       351.20000      170.430      33.3548    0.0252203
       352.00000      170.430      33.3548    0.0252203
       352.80000      170.430      33.3548    0.0252203
       353.60000      170.430      33.3548    0.0252203
       354.40000      170.430      33.3548    0.0252203
       355.20000      170.430      33.3548    0.0252203
       356.00000      170.430      33.3548    0.0252203
       356.80000      170.430      33.3548    0.0252203
       357.60000      170.430      33.3548    0.0252203
       358.40000      170.430      33.3548    0.0252203
       359.20000      170.430      33.3548    0.0252203
       360.00000      170.430      33.3548    0.0252203
       360.80000      170.430      33.3548    0.0252203
       361.60000      170.430      33.3548    0.0252203
       362.40000      170.430      33.3548    0.0252203
       363.20000      170.430      33.3548    0.0252203
       364.00000      170.430      33.3548    0.0252203
       364.80000      170.430      33.3548    0.0252203
       365.60000      170.430      33.3548    0.0252203
       366.40000      170.430      33.3548    0.0252203
       367.20000      170.430      33.3548    0.0252203
       368.00000      170.430      33.3548    0.0252203
       368.80000      170.430      33.3548    0.0252203
       369.60000      170.430      33.3548    0.0252203
       370.40000      170.430      33.3548    0.0252203
       371.20000      170.430      33.3548    0.0252203
       372.00000      170.430      33.3548    0.0252203
       372.80000      170.430      33.3548    0.0252203
       373.60000      170.430      33.3548    0.0252203
       374.40000      170.430      33.3548    0.0252203
       375.20000      170.430      33.3548    0.0252203
       376.00000      170.430      33.3548    0.0252203
       376.80000      170.430      33.3548    0.0252203
       377.60000      170.430      33.3548    0.0252203
       378.40000      170.430      33.3548    0.0252203
       379.20000      170.430      33.3548    0.0252203
       380.00000      170.430      33.3548    0.0252203
       380.80000      170.430      33.3548    0.0252203
       381.60000      170.430      33.3548    0.0252203
       382.40000      170.430      33.3548    0.0252203
       383.20000      170.430      33.3548    0.0252203
       384.00000      170.430      33.3548    0.0252203
       384.80000      170.430      33.3548    0.0252203
       385.60000      170.430      33.3548    0.0252203
       386.40000      170.430      33.3548    0.0252203
       387.20000      170.430      33.3548    0.0252203
       388.00000      170.430      33.3548    0.0252203
       388.80000      170.430      33.3548    0.0252203
       389.60000      170.430      33.3548    0.0252203
       390.40000      170.430      33.3548    0.0252203
       391.20000      170.430      33.3548    0.0252203
       392.00000      170.430      33.3548    0.0252203
       392.80000      170.430      33.3548    0.0252203
       393.60000      170.430      33.3548    0.0252203
       394.40000      170.430      33.3548    0.0252203
       395.20000      170.430      33.3548    0.0252203
       396.00000      170.430      33.3548    0.0252203
       396.80000      170.430      33.3548    0.0252203
       397.60000      170.430      33.3548    0.0252203
       398.40000      170.430      33.3548    0.0252203
       399.20000      170.430      33.3548    0.0252203
       400.00000      170.430      33.3548    0.0252203
       400.80000      170.430      33.3548    0.0252203
       401.60000      170.430      33.3548    0.0252203
       402.40000      170.430      33.3548    0.0252203
       403.20000      170.430      33.3548    0.0252203
       404.00000      170.430      33.3548    0.0252203
       404.80000      170.430      33.3548    0.0252203
       405.60000      170.430      33.3548    0.0252203
       406.40000      170.430      33.3548    0.0252204
       407.20000      170.430      33.3548    0.0252204
       408.00000      170.430      33.3548    0.0252204
       408.80000      170.430      33.3548    0.0252204
       409.60000      170.430      33.3548    0.0252203
       410.40000      170.430      33.3548    0.0252204
       411.20000      170.430      33.3548    0.0252203
       412.00000      170.430      33.3548    0.0252203
       412.80000      170.430      33.3548    0.0252203
       413.60000      170.430      33.3548    0.0252203
       414.40000      170.430      33.3548    0.0252203
       415.20000      170.430      33.3548    0.0252203
       416.00000      170.430      33.3548    0.0252203
       416.80000      170.430      33.3548    0.0252203
       417.60000      170.430      33.3548    0.0252203
       418.40000      170.430      33.3548    0.0252203
       419.20000      170.430      33.3548    0.0252203
       420.00000      170.430      33.3548    0.0252203
       420.80000      170.430      33.3548    0.0252203
       421.60000      170.430      33.3548    0.0252203
       422.40000      170.430      33.3548    0.0252203
       423.20000      170.430      33.3548    0.0252203
       424.00000      170.430      33.3548    0.0252204
       424.80000      170.430      33.3548    0.0252204
       425.60000      170.430      33.3548    0.0252204
       426.40000      170.430      33.3548    0.0252204
       427.20000      170.430      33.3548    0.0252204
       428.00000      170.430      33.3548    0.0252204
       428.80000      170.430      33.3548    0.0252204
       429.60000      170.430      33.3548    0.0252204
       430.40000      170.430      33.3548    0.0252204
       431.20000      170.430      33.3548    0.0252204
       432.00000      170.430      33.3548    0.0252204
       432.80000      170.430      33.3548    0.0252203
       433.60000      170.430      33.3548    0.0252203
       434.40000      170.430      33.3548    0.0252203
       435.20000      170.430      33.3548    0.0252204
       436.00000      170.430      33.3548    0.0252203
       436.80000      170.430      33.3548    0.0252203
       437.60000      170.430      33.3548    0.0252203
       438.40000      170.430      33.3548    0.0252204
       439.20000      170.430      33.3548    0.0252204
       440.00000      170.430      33.3548    0.0252204
       440.80000      170.430      33.3548    0.0252204
       441.60000      170.430      33.3548    0.0252204
       442.40000      170.430      33.3548    0.0252204
       443.20000      170.430      33.3548    0.0252203
       444.00000      170.430      33.3548    0.0252204
       444.80000      170.430      33.3548    0.0252204
       445.60000      170.430      33.3548    0.0252204
       446.40000      170.430      33.3548    0.0252204
       447.20000      170.430      33.3548    0.0252204
       448.00000      170.430      33.3548    0.0252204
       448.80000      170.430      33.3548    0.0252204
       449.60000      170.430      33.3548    0.0252204
       450.40000      170.430      33.3548    0.0252204
       451.20000      170.430      33.3548    0.0252203
       452.00000      170.430      33.3548    0.0252203
       452.80000      170.430      33.3548    0.0252204
       453.60000      170.430      33.3548    0.0252204
       454.40000      170.430      33.3548    0.0252204
       455.20000      170.430      33.3548    0.0252204
       456.00000      170.430      33.3548    0.0252204
       456.80000      170.430      33.3548    0.0252204
       457.60000      170.430      33.3548    0.0252204
       458.40000      170.430      33.3548    0.0252204
       459.20000      170.430      33.3548    0.0252204
       460.00000      170.430      33.3548    0.0252204
       460.80000      170.430      33.3548    0.0252204
       461.60000      170.430      33.3548    0.0252204
       462.40000      170.430      33.3548    0.0252204
       463.20000      170.430      33.3548    0.0252204
       464.00000      170.430      33.3548    0.0252203
       464.80000      170.430      33.3548    0.0252203
       465.60000      170.430      33.3548    0.0252204
       466.40000      170.430      33.3548    0.0252204
       467.20000      170.430      33.3548    0.0252203
       468.00000      170.430      33.3548    0.0252203
       468.80000      170.430      33.3548    0.0252203
       469.60000      170.430      33.3548    0.0252203
       470.40000      170.430      33.3548    0.0252204
       471.20000      170.430      33.3548    0.0252204
       472.00000      170.430      33.3548    0.0252204
       472.80000      170.430      33.3548    0.0252204
       473.60000      170.430      33.3548    0.0252204
       474.40000      170.430      33.3548    0.0252204
       475.20000      170.430      33.3548    0.0252204
       476.00000      170.430      33.3548    0.0252204
       476.80000      170.430      33.3548    0.0252204
       477.60000      170.430      33.3548    0.0252204
       478.40000      170.430      33.3548    0.0252204
       479.20000      170.430      33.3548    0.0252204
       480.00000      170.430      33.3548    0.0252204
       480.80000      170.430      33.3548    0.0252203
       481.60000      170.430      33.3548    0.0252203
       482.40000      170.430      33.3548    0.0252204
       483.20000      170.430      33.3548    0.0252204
       484.00000      170.430      33.3548    0.0252204
       484.80000      170.430      33.3548    0.0252204
       485.60000      170.430      33.3548    0.0252204
       486.40000      170.430      33.3548    0.0252204
       487.20000      170.430      33.3548    0.0252204
       488.00000      170.430      33.3548    0.0252204
       488.80000      170.430      33.3548    0.0252204
       489.60000      170.430      33.3548    0.0252203
       490.40000      170.430      33.3548    0.0252204
       491.20000      170.430      33.3548    0.0252204
       492.00000      170.430      33.3548    0.0252204
       492.80000      170.430      33.3548    0.0252204
       493.60000      170.430      33.3548    0.0252204
       494.40000      170.430      33.3548    0.0252204
       495.20000      170.430      33.3548    0.0252204
       496.00000      170.430      33.3548    0.0252204
       496.80000      170.430      33.3548    0.0252204
       497.60000      170.430      33.3548    0.0252204
       498.40000      170.430      33.3548    0.0252204
       499.20000      170.430      33.3548    0.0252204
       500.00000      170.430      33.3548    0.0252204
