       0.0000000      1021.15      20.2779  0.000173619
      0.80000000      1021.15      20.2779  0.000173619
       1.6000000      1021.15      20.2779  0.000173618
       2.4000000      1021.15      20.2779  0.000173618
       3.2000000      1021.15      20.2779  0.000173618
       4.0000000      1021.15      20.2779  0.000173618
       4.8000000      1021.15      20.2779  0.000173618
       5.6000000      1021.15      20.2779  0.000173618
       6.4000000      1021.15      20.2779  0.000173618
       7.2000000      1021.15      20.2779  0.000173618
       8.0000000      1021.15      20.2779  0.000173618
       8.8000000      1021.15      20.2779  0.000173618
       9.6000000      1021.15      20.2779  0.000173618
       10.400000      1021.15      20.2779  0.000173618
       11.200000      1021.15      20.2779  0.000173618
       12.000000      1021.15      20.2779  0.000173618
       12.800000      1021.15      20.2779  0.000173618
       13.600000      1021.15      20.2779  0.000173618
       14.400000      1021.15      20.2779  0.000173618
       15.200000      1021.15      20.2779  0.000173618
       16.000000      1021.15      20.2779  0.000173618
       16.800000      1021.15      20.2779  0.000173618
       17.600000      1021.15      20.2779  0.000173618
       18.400000      1021.15      20.2779  0.000173618
       19.200000      1021.15      20.2779  0.000173618
       20.000000      1021.15      20.2779  0.000173618
       20.800000      1021.15      20.2779  0.000173618
       21.600000      1021.15      20.2779  0.000173618
       22.400000      1021.15      20.2779  0.000173618
       23.200000      1021.15      20.2779  0.000173618
       24.000000      1021.15      20.2779  0.000173618
       24.800000      1021.15      20.2779  0.000173618
       25.600000      1021.15      20.2779  0.000173618
       26.400000      1021.15      20.2779  0.000173618
       27.200000      1021.15      20.2779  0.000173618
       28.000000      1021.15      20.2779  0.000173621
       28.800000      1021.15      20.2779  0.000173671
       29.600000      1021.15      20.2779  0.000174315
       30.400000      1021.15      20.2779  0.000178429
       31.200000      1021.15      20.2780  0.000200687
       32.000000      1021.15      20.2784  0.000274138
       32.800000      1021.14      20.2793  0.000438667
       33.600000      1021.13      20.2751  0.000736296
       34.400000      1021.08      20.2984   0.00117994
       35.200000      1020.98      20.3227   0.00177663
       36.000000      1020.70      20.4848   0.00253129
       36.800000      1020.39      20.7469   0.00344455
       37.600000      1019.90      21.2010   0.00450050
       38.400000      1018.97      22.3677   0.00568745
       39.200000      1017.57      24.0783   0.00700207
       40.000000      1015.60      26.8931   0.00843183
       40.800000      1012.94      30.2955   0.00994858
       41.600000      1009.30      34.9260    0.0115347
       42.400000      1004.67      39.6317    0.0131883
       43.200000      998.676      46.4145    0.0148911
       44.000000      992.347      52.9543    0.0166088
       44.800000      984.866      59.2866    0.0183062
       45.600000      976.256      65.1742    0.0199917
       46.400000      966.179      72.3099    0.0216589
       47.200000      955.339      79.7691    0.0232841
       48.000000      943.446      85.9845    0.0248405
       48.800000      930.365      92.8196    0.0262956
       49.600000      918.337      98.4586    0.0276409
       50.400000      905.034      104.241    0.0288476
       51.200000      891.596      108.932    0.0299566
       52.000000      879.861      113.203    0.0309109
       52.800000      866.697      116.460    0.0316743
       53.600000      854.162      119.842    0.0323547
       54.400000      840.960      123.774    0.0330330
       55.200000      828.200      127.356    0.0337099
       56.000000      815.716      128.652    0.0342870
       56.800000      803.056      131.177    0.0347722
       57.600000      790.654      133.225    0.0354338
       58.400000      779.273      133.672    0.0362240
       59.200000      768.308      134.461    0.0367174
       60.000000      756.523      135.755    0.0370838
       60.800000      746.201      136.106    0.0378321
       61.600000      736.741      136.822    0.0386074
       62.400000      726.504      137.052    0.0389897
       63.200000      717.003      137.218    0.0393717
       64.000000      707.221      137.289    0.0401562
       64.800000      697.845      137.153    0.0409559
       65.600000      688.595      137.137    0.0413198
       66.400000      678.680      137.445    0.0417567
       67.200000      670.263      136.323    0.0426603
       68.000000      661.511      135.893    0.0434062
       68.800000      653.357      135.356    0.0436207
       69.600000      645.515      135.084    0.0440680
       70.400000      637.560      134.845    0.0450037
       71.200000      630.885      134.311    0.0457073
       72.000000      623.462      134.154    0.0458347
       72.800000      615.566      133.786    0.0463542
       73.600000      608.100      133.234    0.0474307
       74.400000      601.101      132.541    0.0481250
       75.200000      594.046      131.716    0.0481811
       76.000000      587.486      130.774    0.0487156
       76.800000      580.867      130.210    0.0497723
       77.600000      574.080      129.743    0.0504356
       78.400000      567.524      128.753    0.0505910
       79.200000      561.374      127.968    0.0511763
       80.000000      554.495      127.701    0.0522328
       80.800000      548.567      127.201    0.0529564
       81.600000      542.260      126.405    0.0531413
       82.400000      536.169      125.058    0.0536985
       83.200000      530.264      124.050    0.0546957
       84.000000      524.040      122.990    0.0553846
       84.800000      518.131      121.588    0.0557008
       85.600000      512.662      120.598    0.0563226
       86.400000      507.010      119.641    0.0571655
       87.200000      501.753      118.648    0.0578177
       88.000000      497.010      117.997    0.0581857
       88.800000      492.150      117.226    0.0587918
       89.600000      487.065      115.921    0.0595786
       90.400000      482.357      115.315    0.0602111
       91.200000      477.218      114.113    0.0606342
       92.000000      472.336      112.932    0.0613216
       92.800000      467.687      111.965    0.0620889
       93.600000      462.662      110.724    0.0626729
       94.400000      458.013      109.313    0.0631751
       95.200000      453.226      108.140    0.0639093
       96.000000      448.439      107.465    0.0646666
       96.800000      444.170      106.332    0.0653061
       97.600000      440.343      105.826    0.0658069
       98.400000      436.154      104.887    0.0664380
       99.200000      432.009      103.906    0.0671393
       100.00000      428.305      103.283    0.0677809
       100.80000      424.232      102.853    0.0682709
       101.60000      420.334      102.191    0.0689856
       102.40000      416.458      101.323    0.0697864
       103.20000      412.401      100.373    0.0704157
       104.00000      408.270      99.3673    0.0709136
       104.80000      404.402      98.7262    0.0716625
       105.60000      400.162      97.1054    0.0725808
       106.40000      396.494      95.7670    0.0732419
       107.20000      392.982      95.1585    0.0736032
       108.00000      389.924      94.6152    0.0742640
       108.80000      386.522      93.7192    0.0751210
       109.60000      383.408      93.0039    0.0756895
       110.40000      380.238      92.1906    0.0760533
       111.20000      377.249      91.4202    0.0767571
       112.00000      374.122      90.3364    0.0776016
       112.80000      371.065      89.6021    0.0781290
       113.60000      368.237      88.8453    0.0784931
       114.40000      365.052      87.9098    0.0792590
       115.20000      361.995      87.0500    0.0801300
       116.00000      358.837      86.7915    0.0807123
       116.80000      355.717      86.0164    0.0812762
       117.60000      353.087      85.5290    0.0821301
       118.40000      350.125      84.6020    0.0828085
       119.20000      347.353      83.9508    0.0832959
       120.00000      344.486      82.6104    0.0838848
       120.80000      341.729      81.8081    0.0847192
       121.60000      338.994      81.1264    0.0854617
       122.40000      336.244      80.3612    0.0859648
       123.20000      333.580      79.6560    0.0865959
       124.00000      331.173      79.2174    0.0874695
       124.80000      328.745      78.4662    0.0881252
       125.60000      326.143      77.8729    0.0885310
       126.40000      323.517      77.2006    0.0892798
       127.20000      320.949      76.6470    0.0903159
       128.00000      318.481      75.9774    0.0909717
       128.80000      316.169      75.2353    0.0913190
       129.60000      313.895      74.4489    0.0919927
       130.40000      311.346      73.6194    0.0929446
       131.20000      309.054      73.0175    0.0935231
       132.00000      306.878      72.1959    0.0936017
       132.80000      304.694      71.3636    0.0935402
       133.60000      302.493      70.8480    0.0934566
       134.40000      300.586      70.3855    0.0925576
       135.20000      298.398      69.2815    0.0907646
       136.00000      296.441      68.6922    0.0886655
       136.80000      294.911      68.3966    0.0864016
       137.60000      293.115      67.8126    0.0830228
       138.40000      291.734      67.3897    0.0788668
       139.20000      290.364      66.8872    0.0745332
       140.00000      289.197      66.5300    0.0701322
       140.80000      288.196      66.2522    0.0648978
       141.60000      287.440      66.0235    0.0592221
       142.40000      286.676      65.8181    0.0537022
       143.20000      286.080      65.5826    0.0485648
       144.00000      285.620      65.4360    0.0430527
       144.80000      285.327      65.3978    0.0376266
       145.60000      285.048      65.3080    0.0329265
       146.40000      284.857      65.2425    0.0290574
       147.20000      284.719      65.1966    0.0254509
       148.00000      284.640      65.1613    0.0225359
       148.80000      284.591      65.1463    0.0206360
       149.60000      284.570      65.1422    0.0193312
       150.40000      284.554      65.1390    0.0184305
       151.20000      284.543      65.1328    0.0179342
       152.00000      284.537      65.1301    0.0177231
       152.80000      284.536      65.1302    0.0176205
       153.60000      284.536      65.1302    0.0175827
       154.40000      284.536      65.1302    0.0175712
       155.20000      284.536      65.1302    0.0175682
       156.00000      284.536      65.1302    0.0175683
       156.80000      284.536      65.1302    0.0175683
       157.60000      284.536      65.1302    0.0175683
       158.40000      284.536      65.1302    0.0175683
       159.20000      284.536      65.1303    0.0175683
       160.00000      284.536      65.1303    0.0175683
       160.80000      284.536      65.1302    0.0175683
       161.60000      284.536      65.1303    0.0175683
       162.40000      284.536      65.1302    0.0175683
       163.20000      284.536      65.1302    0.0175683
       164.00000      284.536      65.1302    0.0175683
       164.80000      284.536      65.1302    0.0175683
       165.60000      284.536      65.1302    0.0175683
       166.40000      284.536      65.1302    0.0175683
       167.20000      284.536      65.1302    0.0175683
       168.00000      284.536      65.1302    0.0175683
       168.80000      284.536      65.1302    0.0175683
       169.60000      284.536      65.1303    0.0175683
       170.40000      284.536      65.1303    0.0175683
       171.20000      284.536      65.1303    0.0175683
       172.00000      284.536      65.1303    0.0175683
       172.80000      284.536      65.1303    0.0175683
       173.60000      284.536      65.1303    0.0175683
       174.40000      284.536      65.1303    0.0175683
       175.20000      284.536      65.1303    0.0175683
       176.00000      284.536      65.1303    0.0175683
       176.80000      284.536      65.1303    0.0175683
       177.60000      284.536      65.1303    0.0175683
       178.40000      284.536      65.1303    0.0175683
       179.20000      284.536      65.1303    0.0175683
       180.00000      284.536      65.1303    0.0175683
       180.80000      284.536      65.1303    0.0175683
       181.60000      284.536      65.1303    0.0175683
       182.40000      284.536      65.1303    0.0175683
       183.20000      284.536      65.1303    0.0175683
       184.00000      284.536      65.1303    0.0175683
       184.80000      284.536      65.1303    0.0175683
       185.60000      284.536      65.1303    0.0175683
       186.40000      284.536      65.1303    0.0175683
       187.20000      284.536      65.1303    0.0175683
       188.00000      284.536      65.1303    0.0175683
       188.80000      284.536      65.1303    0.0175683
       189.60000      284.536      65.1303    0.0175683
       190.40000      284.536      65.1303    0.0175683
       191.20000      284.536      65.1303    0.0175683
       192.00000      284.536      65.1303    0.0175683
       192.80000      284.536      65.1303    0.0175683
       193.60000      284.536      65.1303    0.0175683
       194.40000      284.536      65.1303    0.0175683
       195.20000      284.536      65.1303    0.0175683
       196.00000      284.536      65.1303    0.0175683
       196.80000      284.536      65.1303    0.0175683
       197.60000      284.536      65.1303    0.0175683
       198.40000      284.536      65.1303    0.0175683
       199.20000      284.536      65.1304    0.0175683
       200.00000      284.536      65.1304    0.0175683
       200.80000      284.536      65.1304    0.0175683
       201.60000      284.536      65.1304    0.0175683
       202.40000      284.536      65.1303    0.0175683
       203.20000      284.536      65.1304    0.0175683
       204.00000      284.536      65.1304    0.0175683
       204.80000      284.536      65.1304    0.0175683
       205.60000      284.536      65.1304    0.0175683
       206.40000      284.536      65.1304    0.0175683
       207.20000      284.536      65.1304    0.0175683
       208.00000      284.536      65.1304    0.0175683
       208.80000      284.536      65.1304    0.0175683
       209.60000      284.536      65.1304    0.0175683
       210.40000      284.536      65.1303    0.0175683
       211.20000      284.536      65.1304    0.0175683
       212.00000      284.536      65.1304    0.0175683
       212.80000      284.536      65.1304    0.0175683
       213.60000      284.536      65.1304    0.0175683
       214.40000      284.536      65.1304    0.0175683
       215.20000      284.536      65.1304    0.0175683
       216.00000      284.536      65.1304    0.0175683
       216.80000      284.536      65.1304    0.0175683
       217.60000      284.536      65.1304    0.0175683
       218.40000      284.536      65.1304    0.0175683
       219.20000      284.536      65.1304    0.0175683
       220.00000      284.536      65.1304    0.0175683
       220.80000      284.536      65.1304    0.0175683
       221.60000      284.536      65.1304    0.0175683
       222.40000      284.536      65.1304    0.0175683
       223.20000      284.536      65.1304    0.0175683
       224.00000      284.536      65.1304    0.0175683
       224.80000      284.536      65.1304    0.0175683
       225.60000      284.536      65.1304    0.0175683
       226.40000      284.536      65.1304    0.0175683
       227.20000      284.536      65.1304    0.0175683
       228.00000      284.536      65.1304    0.0175683
       228.80000      284.536      65.1304    0.0175683
       229.60000      284.537      65.1305    0.0175683
       230.40000      284.537      65.1305    0.0175683
       231.20000      284.537      65.1305    0.0175684
       232.00000      284.537      65.1305    0.0175683
       232.80000      284.536      65.1305    0.0175683
       233.60000      284.537      65.1305    0.0175683
       234.40000      284.537      65.1305    0.0175683
       235.20000      284.537      65.1305    0.0175683
       236.00000      284.537      65.1305    0.0175683
       236.80000      284.537      65.1305    0.0175683
       237.60000      284.537      65.1305    0.0175683
       238.40000      284.537      65.1305    0.0175684
       239.20000      284.537      65.1305    0.0175683
       240.00000      284.537      65.1305    0.0175683
       240.80000      284.537      65.1305    0.0175683
       241.60000      284.537      65.1305    0.0175683
       242.40000      284.537      65.1305    0.0175683
       243.20000      284.537      65.1305    0.0175683
       244.00000      284.537      65.1305    0.0175683
       244.80000      284.537      65.1305    0.0175683
       245.60000      284.537      65.1305    0.0175683
       246.40000      284.537      65.1305    0.0175683
       247.20000      284.537      65.1305    0.0175683
       248.00000      284.537      65.1305    0.0175683
       248.80000      284.537      65.1305    0.0175683
       249.60000      284.537      65.1305    0.0175684
       250.40000      284.537      65.1305    0.0175684
       251.20000      284.537      65.1305    0.0175684
       252.00000      284.537      65.1305    0.0175684
       252.80000      284.537      65.1305    0.0175684
       253.60000      284.537      65.1305    0.0175684
       254.40000      284.537      65.1306    0.0175684
       255.20000      284.537      65.1306    0.0175684
       256.00000      284.537      65.1306    0.0175684
       256.80000      284.537      65.1305    0.0175684
       257.60000      284.537      65.1305    0.0175684
       258.40000      284.537      65.1305    0.0175684
       259.20000      284.537      65.1305    0.0175684
       260.00000      284.537      65.1305    0.0175684
       260.80000      284.537      65.1305    0.0175684
       261.60000      284.537      65.1305    0.0175684
       262.40000      284.537      65.1305    0.0175684
       263.20000      284.537      65.1305    0.0175684
       264.00000      284.537      65.1305    0.0175684
       264.80000      284.537      65.1305    0.0175684
       265.60000      284.537      65.1305    0.0175684
       266.40000      284.537      65.1305    0.0175684
       267.20000      284.537      65.1305    0.0175684
       268.00000      284.537      65.1305    0.0175684
       268.80000      284.537      65.1305    0.0175684
       269.60000      284.537      65.1305    0.0175684
       270.40000      284.537      65.1305    0.0175684
       271.20000      284.537      65.1305    0.0175684
       272.00000      284.537      65.1305    0.0175684
       272.80000      284.537      65.1305    0.0175684
       273.60000      284.537      65.1305    0.0175684
       274.40000      284.537      65.1305    0.0175684
       275.20000      284.537      65.1305    0.0175684
       276.00000      284.537      65.1305    0.0175684
       276.80000      284.537      65.1305    0.0175684
       277.60000      284.537      65.1306    0.0175684
       278.40000      284.537      65.1306    0.0175684
       279.20000      284.537      65.1305    0.0175684
       280.00000      284.537      65.1305    0.0175684
       280.80000      284.537      65.1306    0.0175684
       281.60000      284.537      65.1306    0.0175684
       282.40000      284.537      65.1306    0.0175684
       283.20000      284.537      65.1306    0.0175684
       284.00000      284.537      65.1306    0.0175684
       284.80000      284.537      65.1305    0.0175684
       285.60000      284.537      65.1305    0.0175684
       286.40000      284.537      65.1306    0.0175684
       287.20000      284.537      65.1306    0.0175684
       288.00000      284.537      65.1306    0.0175684
       288.80000      284.537      65.1306    0.0175684
       289.60000      284.537      65.1306    0.0175684
       290.40000      284.537      65.1306    0.0175684
       291.20000      284.537      65.1306    0.0175684
       292.00000      284.537      65.1306    0.0175684
       292.80000      284.537      65.1306    0.0175684
       293.60000      284.537      65.1306    0.0175684
       294.40000      284.537      65.1306    0.0175684
       295.20000      284.537      65.1306    0.0175684
       296.00000      284.537      65.1306    0.0175684
       296.80000      284.537      65.1306    0.0175684
       297.60000      284.537      65.1306    0.0175684
       298.40000      284.537      65.1306    0.0175684
       299.20000      284.537      65.1306    0.0175684
       300.00000      284.537      65.1306    0.0175684
       300.80000      284.537      65.1306    0.0175684
       301.60000      284.537      65.1306    0.0175684
       302.40000      284.537      65.1306    0.0175684
       303.20000      284.537      65.1306    0.0175684
       304.00000      284.537      65.1306    0.0175684
       304.80000      284.537      65.1306    0.0175684
       305.60000      284.537      65.1306    0.0175684
       306.40000      284.537      65.1306    0.0175683
       307.20000      284.536      65.1305    0.0175683
       308.00000      284.536      65.1305    0.0175683
       308.80000      284.537      65.1306    0.0175683
       309.60000      284.536      65.1306    0.0175683
       310.40000      284.536      65.1305    0.0175683
       311.20000      284.536      65.1305    0.0175683
       312.00000      284.536      65.1305    0.0175683
       312.80000      284.537      65.1306    0.0175683
       313.60000      284.536      65.1306    0.0175683
       314.40000      284.536      65.1306    0.0175684
       315.20000      284.536      65.1306    0.0175684
       316.00000      284.536      65.1306    0.0175684
       316.80000      284.536      65.1306    0.0175683
       317.60000      284.536      65.1306    0.0175684
       318.40000      284.536      65.1306    0.0175684
       319.20000      284.536      65.1306    0.0175684
       320.00000      284.536      65.1306    0.0175684
       320.80000      284.536      65.1306    0.0175683
       321.60000      284.536      65.1306    0.0175683
       322.40000      284.536      65.1306    0.0175683
       323.20000      284.536      65.1306    0.0175683
       324.00000      284.536      65.1306    0.0175683
       324.80000      284.536      65.1306    0.0175684
       325.60000      284.536      65.1306    0.0175684
       326.40000      284.536      65.1306    0.0175683
       327.20000      284.536      65.1306    0.0175683
       328.00000      284.536      65.1306    0.0175683
       328.80000      284.537      65.1306    0.0175683
       329.60000      284.537      65.1306    0.0175683
       330.40000      284.537      65.1306    0.0175683
       331.20000      284.537      65.1306    0.0175683
       332.00000      284.537      65.1306    0.0175683
       332.80000      284.537      65.1306    0.0175683
       333.60000      284.536      65.1306    0.0175683
       334.40000      284.536      65.1306    0.0175683
       335.20000      284.537      65.1306    0.0175683
       336.00000      284.537      65.1306    0.0175683
       336.80000      284.537      65.1306    0.0175683
       337.60000      284.537      65.1306    0.0175683
       338.40000      284.537      65.1306    0.0175683
       339.20000      284.537      65.1306    0.0175683
       340.00000      284.537      65.1306    0.0175683
       340.80000      284.537      65.1306    0.0175684
       341.60000      284.537      65.1306    0.0175684
       342.40000      284.537      65.1306    0.0175684
       343.20000      284.536      65.1306    0.0175683
       344.00000      284.536      65.1306    0.0175683
       344.80000      284.536      65.1306    0.0175683
       345.60000      284.536      65.1306    0.0175683
       346.40000      284.536      65.1306    0.0175683
       347.20000      284.536      65.1306    0.0175683
       348.00000      284.536      65.1306    0.0175683
       348.80000      284.536      65.1306    0.0175683
       349.60000      284.537      65.1306    0.0175683
