       0.0000000      1021.15      20.2779  0.000173619
      0.80000000      1021.15      20.2779  0.000173619
       1.6000000      1021.15      20.2779  0.000173618
       2.4000000      1021.15      20.2779  0.000173618
       3.2000000      1021.15      20.2779  0.000173618
       4.0000000      1021.15      20.2779  0.000173618
       4.8000000      1021.15      20.2779  0.000173618
       5.6000000      1021.15      20.2779  0.000173618
       6.4000000      1021.15      20.2779  0.000173618
       7.2000000      1021.15      20.2779  0.000173618
       8.0000000      1021.15      20.2779  0.000173618
       8.8000000      1021.15      20.2779  0.000173618
       9.6000000      1021.15      20.2779  0.000173618
       10.400000      1021.15      20.2779  0.000173618
       11.200000      1021.15      20.2779  0.000173618
       12.000000      1021.15      20.2779  0.000173618
       12.800000      1021.15      20.2779  0.000173618
       13.600000      1021.15      20.2779  0.000173618
       14.400000      1021.15      20.2779  0.000173618
       15.200000      1021.15      20.2779  0.000173618
       16.000000      1021.15      20.2779  0.000173618
       16.800000      1021.15      20.2779  0.000173618
       17.600000      1021.15      20.2779  0.000173618
       18.400000      1021.15      20.2779  0.000173618
       19.200000      1021.15      20.2779  0.000173618
       20.000000      1021.15      20.2779  0.000173618
       20.800000      1021.15      20.2779  0.000173618
       21.600000      1021.15      20.2779  0.000173618
       22.400000      1021.15      20.2779  0.000173618
       23.200000      1021.15      20.2779  0.000173618
       24.000000      1021.15      20.2779  0.000173618
       24.800000      1021.15      20.2779  0.000173618
       25.600000      1021.15      20.2779  0.000173618
       26.400000      1021.15      20.2779  0.000173618
       27.200000      1021.15      20.2779  0.000173618
       28.000000      1021.15      20.2779  0.000173621
       28.800000      1021.15      20.2779  0.000173671
       29.600000      1021.15      20.2779  0.000174334
       30.400000      1021.15      20.2779  0.000178461
       31.200000      1021.15      20.2780  0.000200379
       32.000000      1021.15      20.2784  0.000274144
       32.800000      1021.14      20.2793  0.000438548
       33.600000      1021.13      20.2751  0.000735866
       34.400000      1021.08      20.2984   0.00117983
       35.200000      1020.98      20.3227   0.00177716
       36.000000      1020.71      20.4848   0.00253144
       36.800000      1020.39      20.7469   0.00344404
       37.600000      1019.90      21.2010   0.00450035
       38.400000      1018.97      22.3677   0.00568797
       39.200000      1017.57      24.0783   0.00700221
       40.000000      1015.60      26.8932   0.00843130
       40.800000      1012.94      30.2956   0.00994844
       41.600000      1009.30      34.9260    0.0115352
       42.400000      1004.67      39.6318    0.0131884
       43.200000      998.676      46.4146    0.0148906
       44.000000      992.347      52.9544    0.0166087
       44.800000      984.866      59.2867    0.0183067
       45.600000      976.256      65.1742    0.0199917
       46.400000      966.179      72.3100    0.0216584
       47.200000      955.339      79.7691    0.0232842
       48.000000      943.446      85.9845    0.0248410
       48.800000      930.365      92.8196    0.0262957
       49.600000      918.337      98.4586    0.0276403
       50.400000      905.033      104.241    0.0288477
       51.200000      891.499      109.090    0.0299574
       52.000000      878.588      113.190    0.0309370
       52.800000      864.601      117.112    0.0317641
       53.600000      852.007      120.354    0.0324966
       54.400000      839.915      123.058    0.0331406
       55.200000      826.192      126.328    0.0336640
       56.000000      813.801      127.798    0.0343145
       56.800000      800.674      129.031    0.0350059
       57.600000      788.444      131.115    0.0356109
       58.400000      777.796      133.072    0.0361140
       59.200000      766.154      133.967    0.0366861
       60.000000      754.998      134.861    0.0373765
       60.800000      745.098      135.442    0.0380207
       61.600000      735.314      136.270    0.0384457
       62.400000      725.836      136.731    0.0389402
       63.200000      716.271      137.455    0.0396381
       64.000000      707.362      137.617    0.0402993
       64.800000      698.557      137.521    0.0406983
       65.600000      689.863      137.738    0.0411274
       66.400000      680.780      137.656    0.0418469
       67.200000      671.669      137.597    0.0425960
       68.000000      662.991      137.536    0.0431118
       68.800000      654.817      137.266    0.0435753
       69.600000      646.613      136.819    0.0442698
       70.400000      637.936      136.397    0.0449901
       71.200000      630.960      135.684    0.0455149
       72.000000      623.767      135.013    0.0458736
       72.800000      616.166      135.030    0.0465045
       73.600000      608.884      133.880    0.0473282
       74.400000      601.413      132.680    0.0479138
       75.200000      593.866      131.750    0.0482391
       76.000000      586.845      131.243    0.0489765
       76.800000      580.438      130.851    0.0498564
       77.600000      574.044      130.292    0.0503892
       78.400000      567.600      128.974    0.0506171
       79.200000      561.011      128.297    0.0513090
       80.000000      554.019      127.906    0.0522579
       80.800000      547.753      127.193    0.0529084
       81.600000      541.389      126.115    0.0530512
       82.400000      535.735      125.608    0.0533860
       83.200000      529.990      124.619    0.0537762
       84.000000      524.304      123.685    0.0536051
       84.800000      518.715      121.964    0.0527570
       85.600000      514.038      121.293    0.0519483
       86.400000      508.799      120.232    0.0509706
       87.200000      504.766      119.301    0.0493606
       88.000000      500.850      118.649    0.0470607
       88.800000      497.409      118.334    0.0447770
       89.600000      494.267      117.624    0.0424582
       90.400000      491.532      116.879    0.0395962
       91.200000      489.064      116.287    0.0362193
       92.000000      487.363      115.990    0.0331067
       92.800000      486.022      115.721    0.0301297
       93.600000      484.791      115.470    0.0269041
       94.400000      483.817      115.226    0.0235250
       95.200000      483.114      114.990    0.0207976
       96.000000      482.523      114.718    0.0183855
       96.800000      482.120      114.580    0.0161846
       97.600000      481.889      114.487    0.0142739
       98.400000      481.716      114.437    0.0130372
       99.200000      481.628      114.393    0.0121674
       100.00000      481.572      114.363    0.0115523
       100.80000      481.549      114.355    0.0112079
       101.60000      481.538      114.353    0.0110316
       102.40000      481.532      114.351    0.0109482
       103.20000      481.531      114.350    0.0109186
       104.00000      481.530      114.350    0.0109087
       104.80000      481.530      114.350    0.0109057
       105.60000      481.530      114.350    0.0109057
       106.40000      481.530      114.350    0.0109056
       107.20000      481.530      114.350    0.0109056
       108.00000      481.530      114.350    0.0109056
       108.80000      481.530      114.350    0.0109056
       109.60000      481.530      114.350    0.0109056
       110.40000      481.530      114.350    0.0109056
       111.20000      481.530      114.350    0.0109056
       112.00000      481.530      114.350    0.0109056
       112.80000      481.530      114.350    0.0109056
       113.60000      481.531      114.350    0.0109056
       114.40000      481.531      114.350    0.0109056
       115.20000      481.530      114.350    0.0109056
       116.00000      481.530      114.350    0.0109056
       116.80000      481.531      114.350    0.0109056
       117.60000      481.531      114.350    0.0109056
       118.40000      481.531      114.350    0.0109056
       119.20000      481.531      114.350    0.0109056
       120.00000      481.531      114.350    0.0109056
       120.80000      481.531      114.350    0.0109056
       121.60000      481.531      114.350    0.0109056
       122.40000      481.531      114.350    0.0109056
       123.20000      481.531      114.350    0.0109056
       124.00000      481.531      114.350    0.0109056
       124.80000      481.530      114.350    0.0109056
       125.60000      481.531      114.350    0.0109056
       126.40000      481.531      114.350    0.0109056
       127.20000      481.531      114.350    0.0109056
       128.00000      481.531      114.350    0.0109056
       128.80000      481.530      114.350    0.0109055
       129.60000      481.530      114.350    0.0109056
       130.40000      481.530      114.350    0.0109056
       131.20000      481.530      114.350    0.0109056
       132.00000      481.530      114.350    0.0109055
       132.80000      481.530      114.350    0.0109055
       133.60000      481.530      114.350    0.0109055
       134.40000      481.530      114.350    0.0109055
       135.20000      481.530      114.350    0.0109055
       136.00000      481.530      114.350    0.0109055
       136.80000      481.530      114.350    0.0109055
       137.60000      481.530      114.350    0.0109055
       138.40000      481.531      114.350    0.0109055
       139.20000      481.530      114.350    0.0109055
       140.00000      481.530      114.350    0.0109055
       140.80000      481.531      114.350    0.0109056
       141.60000      481.531      114.350    0.0109056
       142.40000      481.531      114.350    0.0109056
       143.20000      481.531      114.350    0.0109056
       144.00000      481.531      114.350    0.0109056
       144.80000      481.531      114.350    0.0109056
       145.60000      481.531      114.350    0.0109056
       146.40000      481.531      114.350    0.0109056
       147.20000      481.531      114.350    0.0109056
       148.00000      481.531      114.350    0.0109056
       148.80000      481.531      114.350    0.0109056
       149.60000      481.531      114.350    0.0109056
       150.40000      481.531      114.350    0.0109056
       151.20000      481.531      114.350    0.0109056
       152.00000      481.531      114.350    0.0109056
       152.80000      481.531      114.350    0.0109056
       153.60000      481.531      114.350    0.0109056
       154.40000      481.531      114.350    0.0109056
       155.20000      481.531      114.350    0.0109056
       156.00000      481.531      114.350    0.0109056
       156.80000      481.531      114.350    0.0109056
       157.60000      481.531      114.350    0.0109056
       158.40000      481.531      114.350    0.0109056
       159.20000      481.531      114.350    0.0109056
       160.00000      481.531      114.350    0.0109056
       160.80000      481.531      114.350    0.0109056
       161.60000      481.531      114.350    0.0109056
       162.40000      481.531      114.350    0.0109056
       163.20000      481.531      114.350    0.0109056
       164.00000      481.531      114.350    0.0109056
       164.80000      481.532      114.350    0.0109056
       165.60000      481.531      114.350    0.0109056
       166.40000      481.531      114.350    0.0109056
       167.20000      481.531      114.350    0.0109056
       168.00000      481.531      114.350    0.0109056
       168.80000      481.531      114.350    0.0109056
       169.60000      481.531      114.350    0.0109056
       170.40000      481.531      114.350    0.0109056
       171.20000      481.531      114.350    0.0109056
       172.00000      481.531      114.350    0.0109056
       172.80000      481.531      114.350    0.0109056
       173.60000      481.531      114.350    0.0109056
       174.40000      481.531      114.350    0.0109056
       175.20000      481.531      114.350    0.0109056
       176.00000      481.531      114.350    0.0109056
       176.80000      481.531      114.350    0.0109056
       177.60000      481.531      114.350    0.0109056
       178.40000      481.531      114.350    0.0109056
       179.20000      481.531      114.350    0.0109056
       180.00000      481.531      114.350    0.0109056
       180.80000      481.531      114.350    0.0109056
       181.60000      481.531      114.350    0.0109055
       182.40000      481.531      114.350    0.0109056
       183.20000      481.531      114.350    0.0109055
       184.00000      481.531      114.350    0.0109055
       184.80000      481.531      114.350    0.0109056
       185.60000      481.532      114.350    0.0109056
       186.40000      481.532      114.350    0.0109056
       187.20000      481.532      114.350    0.0109056
       188.00000      481.532      114.350    0.0109056
       188.80000      481.531      114.350    0.0109056
       189.60000      481.531      114.350    0.0109056
       190.40000      481.531      114.350    0.0109056
       191.20000      481.531      114.350    0.0109056
       192.00000      481.531      114.350    0.0109056
       192.80000      481.531      114.350    0.0109056
       193.60000      481.531      114.350    0.0109056
       194.40000      481.532      114.350    0.0109056
       195.20000      481.532      114.350    0.0109056
       196.00000      481.532      114.350    0.0109056
       196.80000      481.532      114.350    0.0109056
       197.60000      481.532      114.350    0.0109056
       198.40000      481.532      114.350    0.0109056
       199.20000      481.532      114.350    0.0109056
       200.00000      481.532      114.350    0.0109056
       200.80000      481.531      114.350    0.0109056
       201.60000      481.531      114.350    0.0109055
       202.40000      481.531      114.350    0.0109056
       203.20000      481.531      114.350    0.0109055
       204.00000      481.531      114.350    0.0109055
       204.80000      481.532      114.350    0.0109056
       205.60000      481.532      114.350    0.0109056
       206.40000      481.532      114.350    0.0109056
       207.20000      481.532      114.350    0.0109055
       208.00000      481.532      114.350    0.0109055
       208.80000      481.532      114.350    0.0109055
       209.60000      481.531      114.350    0.0109055
       210.40000      481.531      114.350    0.0109055
       211.20000      481.531      114.350    0.0109055
       212.00000      481.531      114.350    0.0109055
       212.80000      481.532      114.350    0.0109055
       213.60000      481.532      114.350    0.0109055
       214.40000      481.532      114.350    0.0109055
       215.20000      481.532      114.350    0.0109055
       216.00000      481.532      114.350    0.0109055
       216.80000      481.532      114.350    0.0109055
       217.60000      481.532      114.350    0.0109055
       218.40000      481.532      114.350    0.0109055
       219.20000      481.532      114.350    0.0109055
       220.00000      481.532      114.350    0.0109055
       220.80000      481.532      114.350    0.0109055
       221.60000      481.532      114.350    0.0109055
       222.40000      481.532      114.350    0.0109055
       223.20000      481.532      114.350    0.0109056
       224.00000      481.532      114.350    0.0109055
       224.80000      481.532      114.350    0.0109056
       225.60000      481.532      114.350    0.0109055
       226.40000      481.532      114.350    0.0109055
       227.20000      481.532      114.350    0.0109055
       228.00000      481.532      114.350    0.0109055
       228.80000      481.532      114.350    0.0109055
       229.60000      481.532      114.350    0.0109056
       230.40000      481.532      114.350    0.0109055
       231.20000      481.532      114.350    0.0109055
       232.00000      481.532      114.350    0.0109055
       232.80000      481.532      114.350    0.0109055
       233.60000      481.532      114.350    0.0109055
       234.40000      481.532      114.350    0.0109055
       235.20000      481.532      114.350    0.0109055
       236.00000      481.532      114.350    0.0109055
       236.80000      481.532      114.350    0.0109055
       237.60000      481.532      114.350    0.0109055
       238.40000      481.532      114.350    0.0109055
       239.20000      481.532      114.350    0.0109055
       240.00000      481.532      114.350    0.0109055
       240.80000      481.532      114.350    0.0109055
       241.60000      481.532      114.350    0.0109055
       242.40000      481.532      114.350    0.0109055
       243.20000      481.532      114.350    0.0109055
       244.00000      481.532      114.350    0.0109055
       244.80000      481.532      114.350    0.0109055
       245.60000      481.532      114.350    0.0109055
       246.40000      481.532      114.350    0.0109055
       247.20000      481.532      114.350    0.0109055
       248.00000      481.532      114.350    0.0109055
       248.80000      481.532      114.350    0.0109055
       249.60000      481.532      114.350    0.0109056
