       0.0000000      1735.25      34.4583  0.000102170
      0.80000000      1735.25      34.4583  0.000102170
       1.6000000      1735.25      34.4583  0.000102170
       2.4000000      1735.25      34.4583  0.000102170
       3.2000000      1735.25      34.4583  0.000102170
       4.0000000      1735.25      34.4583  0.000102170
       4.8000000      1735.25      34.4583  0.000102170
       5.6000000      1735.25      34.4583  0.000102170
       6.4000000      1735.25      34.4583  0.000102170
       7.2000000      1735.25      34.4583  0.000102170
       8.0000000      1735.25      34.4583  0.000102170
       8.8000000      1735.25      34.4583  0.000102170
       9.6000000      1735.25      34.4583  0.000102170
       10.400000      1735.25      34.4583  0.000102170
       11.200000      1735.25      34.4583  0.000102170
       12.000000      1735.25      34.4583  0.000102170
       12.800000      1735.25      34.4583  0.000102170
       13.600000      1735.25      34.4583  0.000102170
       14.400000      1735.25      34.4583  0.000102170
       15.200000      1735.25      34.4583  0.000102170
       16.000000      1735.25      34.4583  0.000102170
       16.800000      1735.25      34.4583  0.000102170
       17.600000      1735.25      34.4583  0.000102170
       18.400000      1735.25      34.4583  0.000102170
       19.200000      1735.25      34.4583  0.000102170
       20.000000      1735.25      34.4583  0.000102170
       20.800000      1735.25      34.4583  0.000102170
       21.600000      1735.25      34.4583  0.000102170
       22.400000      1735.25      34.4583  0.000102170
       23.200000      1735.25      34.4583  0.000102170
       24.000000      1735.25      34.4583  0.000102170
       24.800000      1735.25      34.4583  0.000102170
       25.600000      1735.25      34.4583  0.000102170
       26.400000      1735.25      34.4583  0.000102170
       27.200000      1735.25      34.4583  0.000102171
       28.000000      1735.25      34.4583  0.000102172
       28.800000      1735.25      34.4583  0.000102201
       29.600000      1735.25      34.4583  0.000102597
       30.400000      1735.25      34.4583  0.000105037
       31.200000      1735.25      34.4584  0.000117834
       32.000000      1735.24      34.4521  0.000161342
       32.800000      1735.21      34.4643  0.000258098
       33.600000      1735.17      34.4837  0.000432897
       34.400000      1735.03      34.5915  0.000694324
       35.200000      1734.80      34.8130   0.00104606
       36.000000      1734.21      35.3865   0.00149011
       36.800000      1733.29      36.5230   0.00202754
       37.600000      1731.69      37.7411   0.00265085
       38.400000      1728.94      41.5607   0.00335277
       39.200000      1725.76      46.0891   0.00413165
       40.000000      1720.76      53.5207   0.00497927
       40.800000      1713.53      64.4099   0.00588650
       41.600000      1704.15      77.1133   0.00684819
       42.400000      1692.66      91.3151   0.00784858
       43.200000      1677.93      107.644   0.00888741
       44.000000      1662.49      121.339   0.00995257
       44.800000      1643.44      138.331    0.0110283
       45.600000      1622.41      152.760    0.0121112
       46.400000      1601.10      167.200    0.0131978
       47.200000      1576.81      181.062    0.0142419
       48.000000      1550.91      194.399    0.0152573
       48.800000      1523.38      206.363    0.0162795
       49.600000      1492.22      219.670    0.0172839
       50.400000      1461.24      231.004    0.0182027
       51.200000      1432.05      240.256    0.0189960
       52.000000      1403.67      247.971    0.0197511
       52.800000      1374.49      256.520    0.0204846
       53.600000      1345.66      261.531    0.0211142
       54.400000      1318.41      267.231    0.0216368
       55.200000      1292.60      271.207    0.0222214
       56.000000      1267.11      273.255    0.0227742
       56.800000      1243.15      274.477    0.0231893
       57.600000      1218.69      274.793    0.0234781
       58.400000      1198.59      275.462    0.0237547
       59.200000      1177.33      277.392    0.0238669
       60.000000      1154.76      277.642    0.0238523
       60.800000      1136.53      277.453    0.0236687
       61.600000      1119.05      277.317    0.0232430
       62.400000      1103.57      276.504    0.0225333
       63.200000      1088.11      274.113    0.0217533
       64.000000      1075.07      273.026    0.0208499
       64.800000      1065.12      272.520    0.0196753
       65.600000      1055.47      271.625    0.0182475
       66.400000      1047.36      270.241    0.0168971
       67.200000      1040.40      269.034    0.0155493
       68.000000      1035.06      267.375    0.0140302
       68.800000      1030.50      266.680    0.0124265
       69.600000      1026.85      265.816    0.0110885
       70.400000      1024.26      265.477   0.00989700
       71.200000      1022.33      264.782   0.00871271
       72.000000      1021.07      264.502   0.00761798
       72.800000      1020.27      264.263   0.00692967
       73.600000      1019.61      263.982   0.00641724
       74.400000      1019.11      263.848   0.00598109
       75.200000      1018.89      263.733   0.00569029
       76.000000      1018.81      263.708   0.00557013
       76.800000      1018.78      263.692   0.00550538
       77.600000      1018.76      263.691   0.00546726
       78.400000      1018.76      263.691   0.00545427
       79.200000      1018.76      263.691   0.00545128
       80.000000      1018.76      263.691   0.00545042
       80.800000      1018.76      263.691   0.00545032
       81.600000      1018.76      263.691   0.00545030
       82.400000      1018.76      263.691   0.00545029
       83.200000      1018.76      263.691   0.00545029
       84.000000      1018.76      263.691   0.00545029
       84.800000      1018.76      263.691   0.00545029
       85.600000      1018.76      263.691   0.00545029
       86.400000      1018.76      263.691   0.00545029
       87.200000      1018.76      263.691   0.00545029
       88.000000      1018.76      263.691   0.00545029
       88.800000      1018.76      263.691   0.00545029
       89.600000      1018.76      263.691   0.00545029
       90.400000      1018.76      263.691   0.00545029
       91.200000      1018.76      263.691   0.00545029
       92.000000      1018.76      263.691   0.00545029
       92.800000      1018.76      263.691   0.00545029
       93.600000      1018.76      263.691   0.00545029
       94.400000      1018.76      263.691   0.00545029
       95.200000      1018.76      263.691   0.00545029
       96.000000      1018.76      263.691   0.00545029
       96.800000      1018.76      263.691   0.00545029
       97.600000      1018.76      263.691   0.00545029
       98.400000      1018.76      263.691   0.00545029
       99.200000      1018.76      263.691   0.00545029
       100.00000      1018.76      263.691   0.00545029
       100.80000      1018.76      263.691   0.00545028
       101.60000      1018.76      263.691   0.00545028
       102.40000      1018.76      263.691   0.00545028
       103.20000      1018.76      263.691   0.00545028
       104.00000      1018.76      263.691   0.00545028
       104.80000      1018.76      263.691   0.00545028
       105.60000      1018.76      263.691   0.00545028
       106.40000      1018.76      263.691   0.00545028
       107.20000      1018.76      263.691   0.00545028
       108.00000      1018.76      263.691   0.00545028
       108.80000      1018.76      263.691   0.00545028
       109.60000      1018.76      263.691   0.00545028
       110.40000      1018.76      263.691   0.00545028
       111.20000      1018.76      263.691   0.00545028
       112.00000      1018.76      263.691   0.00545028
       112.80000      1018.76      263.691   0.00545028
       113.60000      1018.76      263.691   0.00545028
       114.40000      1018.76      263.691   0.00545028
       115.20000      1018.76      263.691   0.00545027
       116.00000      1018.76      263.691   0.00545028
       116.80000      1018.76      263.691   0.00545028
       117.60000      1018.76      263.691   0.00545028
       118.40000      1018.76      263.691   0.00545028
       119.20000      1018.76      263.691   0.00545028
       120.00000      1018.76      263.691   0.00545028
       120.80000      1018.76      263.691   0.00545028
       121.60000      1018.76      263.691   0.00545028
       122.40000      1018.76      263.691   0.00545028
       123.20000      1018.76      263.691   0.00545028
       124.00000      1018.76      263.691   0.00545028
       124.80000      1018.76      263.691   0.00545028
       125.60000      1018.76      263.691   0.00545028
       126.40000      1018.76      263.691   0.00545028
       127.20000      1018.76      263.691   0.00545028
       128.00000      1018.76      263.691   0.00545028
       128.80000      1018.76      263.691   0.00545028
       129.60000      1018.76      263.691   0.00545028
       130.40000      1018.76      263.691   0.00545028
       131.20000      1018.76      263.691   0.00545028
       132.00000      1018.76      263.691   0.00545028
       132.80000      1018.76      263.691   0.00545028
       133.60000      1018.76      263.691   0.00545028
       134.40000      1018.76      263.691   0.00545027
       135.20000      1018.76      263.691   0.00545027
       136.00000      1018.76      263.691   0.00545027
       136.80000      1018.76      263.691   0.00545027
       137.60000      1018.76      263.691   0.00545027
       138.40000      1018.76      263.691   0.00545027
       139.20000      1018.76      263.691   0.00545027
       140.00000      1018.76      263.691   0.00545027
       140.80000      1018.76      263.691   0.00545027
       141.60000      1018.76      263.691   0.00545027
       142.40000      1018.76      263.691   0.00545027
       143.20000      1018.76      263.691   0.00545027
       144.00000      1018.76      263.691   0.00545027
       144.80000      1018.76      263.691   0.00545027
       145.60000      1018.76      263.691   0.00545027
       146.40000      1018.76      263.691   0.00545027
       147.20000      1018.76      263.691   0.00545027
       148.00000      1018.76      263.691   0.00545027
       148.80000      1018.76      263.691   0.00545027
       149.60000      1018.76      263.691   0.00545027
       150.40000      1018.76      263.691   0.00545027
       151.20000      1018.76      263.691   0.00545027
       152.00000      1018.76      263.691   0.00545027
       152.80000      1018.76      263.691   0.00545026
       153.60000      1018.76      263.691   0.00545026
       154.40000      1018.76      263.691   0.00545026
       155.20000      1018.76      263.691   0.00545027
       156.00000      1018.76      263.691   0.00545027
       156.80000      1018.76      263.691   0.00545026
       157.60000      1018.76      263.691   0.00545026
       158.40000      1018.76      263.691   0.00545026
       159.20000      1018.76      263.691   0.00545026
       160.00000      1018.76      263.691   0.00545026
       160.80000      1018.76      263.691   0.00545026
       161.60000      1018.76      263.691   0.00545026
       162.40000      1018.76      263.691   0.00545026
       163.20000      1018.76      263.691   0.00545026
       164.00000      1018.76      263.691   0.00545026
       164.80000      1018.76      263.691   0.00545026
       165.60000      1018.76      263.691   0.00545026
       166.40000      1018.76      263.691   0.00545026
       167.20000      1018.76      263.691   0.00545026
       168.00000      1018.76      263.691   0.00545026
       168.80000      1018.76      263.691   0.00545026
       169.60000      1018.76      263.691   0.00545026
       170.40000      1018.76      263.691   0.00545026
       171.20000      1018.76      263.691   0.00545026
       172.00000      1018.76      263.691   0.00545026
       172.80000      1018.76      263.691   0.00545026
       173.60000      1018.76      263.691   0.00545026
       174.40000      1018.76      263.691   0.00545026
       175.20000      1018.76      263.691   0.00545026
       176.00000      1018.76      263.691   0.00545026
       176.80000      1018.76      263.691   0.00545026
       177.60000      1018.76      263.691   0.00545026
       178.40000      1018.76      263.691   0.00545026
       179.20000      1018.76      263.691   0.00545026
       180.00000      1018.76      263.691   0.00545026
       180.80000      1018.76      263.691   0.00545026
       181.60000      1018.76      263.691   0.00545026
       182.40000      1018.76      263.691   0.00545026
       183.20000      1018.76      263.691   0.00545025
       184.00000      1018.76      263.691   0.00545025
       184.80000      1018.76      263.691   0.00545025
       185.60000      1018.76      263.691   0.00545025
       186.40000      1018.76      263.691   0.00545025
       187.20000      1018.76      263.691   0.00545025
       188.00000      1018.76      263.691   0.00545025
       188.80000      1018.76      263.691   0.00545025
       189.60000      1018.76      263.691   0.00545025
       190.40000      1018.76      263.691   0.00545025
       191.20000      1018.76      263.691   0.00545025
       192.00000      1018.76      263.691   0.00545025
       192.80000      1018.76      263.691   0.00545025
       193.60000      1018.76      263.691   0.00545025
       194.40000      1018.76      263.691   0.00545025
       195.20000      1018.76      263.691   0.00545025
       196.00000      1018.76      263.691   0.00545025
       196.80000      1018.76      263.691   0.00545025
       197.60000      1018.76      263.691   0.00545025
       198.40000      1018.76      263.691   0.00545025
       199.20000      1018.76      263.691   0.00545025
       200.00000      1018.76      263.691   0.00545025
