       0.0000000      1735.25      34.4583  0.000102170
      0.80000000      1735.25      34.4583  0.000102170
       1.6000000      1735.25      34.4583  0.000102170
       2.4000000      1735.25      34.4583  0.000102170
       3.2000000      1735.25      34.4583  0.000102170
       4.0000000      1735.25      34.4583  0.000102170
       4.8000000      1735.25      34.4583  0.000102170
       5.6000000      1735.25      34.4583  0.000102170
       6.4000000      1735.25      34.4583  0.000102170
       7.2000000      1735.25      34.4583  0.000102170
       8.0000000      1735.25      34.4583  0.000102170
       8.8000000      1735.25      34.4583  0.000102170
       9.6000000      1735.25      34.4583  0.000102170
       10.400000      1735.25      34.4583  0.000102170
       11.200000      1735.25      34.4583  0.000102170
       12.000000      1735.25      34.4583  0.000102170
       12.800000      1735.25      34.4583  0.000102170
       13.600000      1735.25      34.4583  0.000102170
       14.400000      1735.25      34.4583  0.000102170
       15.200000      1735.25      34.4583  0.000102170
       16.000000      1735.25      34.4583  0.000102170
       16.800000      1735.25      34.4583  0.000102170
       17.600000      1735.25      34.4583  0.000102170
       18.400000      1735.25      34.4583  0.000102170
       19.200000      1735.25      34.4583  0.000102170
       20.000000      1735.25      34.4583  0.000102170
       20.800000      1735.25      34.4583  0.000102170
       21.600000      1735.25      34.4583  0.000102170
       22.400000      1735.25      34.4583  0.000102170
       23.200000      1735.25      34.4583  0.000102170
       24.000000      1735.25      34.4583  0.000102170
       24.800000      1735.25      34.4583  0.000102170
       25.600000      1735.25      34.4583  0.000102170
       26.400000      1735.25      34.4583  0.000102170
       27.200000      1735.25      34.4583  0.000102171
       28.000000      1735.25      34.4583  0.000102172
       28.800000      1735.25      34.4583  0.000102201
       29.600000      1735.25      34.4583  0.000102592
       30.400000      1735.25      34.4583  0.000105021
       31.200000      1735.25      34.4584  0.000117919
       32.000000      1735.24      34.4521  0.000161327
       32.800000      1735.21      34.4643  0.000258080
       33.600000      1735.17      34.4837  0.000433054
       34.400000      1735.03      34.5915  0.000694342
       35.200000      1734.80      34.8130   0.00104594
       36.000000      1734.21      35.3865   0.00149003
       36.800000      1733.29      36.5230   0.00202768
       37.600000      1731.69      37.7411   0.00265092
       38.400000      1728.94      41.5607   0.00335264
       39.200000      1725.76      46.0891   0.00413156
       40.000000      1720.76      53.5207   0.00497941
       40.800000      1713.53      64.4099   0.00588657
       41.600000      1704.15      77.1133   0.00684806
       42.400000      1692.66      91.3152   0.00784851
       43.200000      1677.93      107.644   0.00888757
       44.000000      1662.49      121.339   0.00995263
       44.800000      1643.44      138.331    0.0110282
       45.600000      1622.41      152.760    0.0121111
       46.400000      1601.10      167.200    0.0131980
       47.200000      1576.81      181.062    0.0142420
       48.000000      1550.91      194.399    0.0152572
       48.800000      1523.38      206.363    0.0162795
       49.600000      1492.22      219.670    0.0172841
       50.400000      1461.58      231.575    0.0182029
       51.200000      1432.28      240.493    0.0190118
       52.000000      1403.69      248.911    0.0197575
       52.800000      1372.69      254.569    0.0204493
       53.600000      1345.92      258.660    0.0210973
       54.400000      1316.98      264.670    0.0216579
       55.200000      1290.03      267.908    0.0222217
       56.000000      1262.81      270.109    0.0227980
       56.800000      1239.32      272.394    0.0233274
       57.600000      1215.29      273.045    0.0238224
       58.400000      1191.79      272.766    0.0243292
       59.200000      1168.31      273.891    0.0248914
       60.000000      1147.19      274.322    0.0254968
       60.800000      1128.03      273.448    0.0260047
       61.600000      1108.06      273.235    0.0263723
       62.400000      1087.51      272.270    0.0269368
       63.200000      1069.18      271.106    0.0276242
       64.000000      1049.46      269.952    0.0281695
       64.800000      1031.70      267.284    0.0285324
       65.600000      1013.76      265.997    0.0291139
       66.400000      996.386      265.285    0.0297452
       67.200000      978.198      264.433    0.0303640
       68.000000      961.868      263.506    0.0308644
       68.800000      945.160      260.906    0.0315141
       69.600000      930.979      258.137    0.0320303
       70.400000      916.292      255.905    0.0325099
       71.200000      902.121      253.637    0.0329715
       72.000000      888.685      251.382    0.0336821
       72.800000      876.563      250.251    0.0342252
       73.600000      862.158      246.894    0.0346563
       74.400000      847.751      243.763    0.0351902
       75.200000      833.748      240.398    0.0360272
       76.000000      821.983      237.953    0.0365838
       76.800000      809.148      235.744    0.0369261
       77.600000      795.776      232.689    0.0374884
       78.400000      783.749      230.213    0.0384491
       79.200000      771.863      227.376    0.0389873
       80.000000      760.144      224.007    0.0392871
       80.800000      748.716      220.555    0.0398603
       81.600000      738.229      217.630    0.0406865
       82.400000      727.818      214.859    0.0409466
       83.200000      718.365      212.682    0.0408399
       84.000000      709.215      209.960    0.0408617
       84.800000      700.287      208.370    0.0408472
       85.600000      692.308      206.725    0.0402088
       86.400000      684.214      204.531    0.0391107
       87.200000      676.219      202.530    0.0380289
       88.000000      669.464      199.892    0.0368707
       88.800000      663.737      198.116    0.0350603
       89.600000      658.059      196.020    0.0327962
       90.400000      653.618      194.116    0.0307727
       91.200000      649.960      193.163    0.0287552
       92.000000      646.678      191.815    0.0262393
       92.800000      643.952      190.439    0.0234963
       93.600000      641.831      189.584    0.0213034
       94.400000      640.184      188.835    0.0192307
       95.200000      639.068      188.378    0.0170668
       96.000000      638.037      187.992    0.0149996
       96.800000      637.378      187.575    0.0136773
       97.600000      636.908      187.237    0.0125529
       98.400000      636.648      187.130    0.0116110
       99.200000      636.508      187.097    0.0108978
       100.00000      636.437      187.069    0.0106241
       100.80000      636.392      187.055    0.0104272
       101.60000      636.365      187.042    0.0102661
       102.40000      636.359      187.041    0.0102017
       103.20000      636.357      187.040    0.0102031
       104.00000      636.357      187.040    0.0101992
       104.80000      636.357      187.040    0.0101938
       105.60000      636.356      187.040    0.0101933
       106.40000      636.356      187.040    0.0101933
       107.20000      636.357      187.040    0.0101933
       108.00000      636.357      187.040    0.0101933
       108.80000      636.356      187.040    0.0101933
       109.60000      636.356      187.040    0.0101933
       110.40000      636.356      187.040    0.0101933
       111.20000      636.356      187.040    0.0101933
       112.00000      636.356      187.040    0.0101933
       112.80000      636.356      187.040    0.0101933
       113.60000      636.356      187.040    0.0101933
       114.40000      636.357      187.040    0.0101933
       115.20000      636.357      187.040    0.0101933
       116.00000      636.357      187.040    0.0101933
       116.80000      636.357      187.040    0.0101933
       117.60000      636.357      187.040    0.0101933
       118.40000      636.356      187.040    0.0101933
       119.20000      636.356      187.040    0.0101933
       120.00000      636.356      187.040    0.0101933
       120.80000      636.357      187.040    0.0101933
       121.60000      636.357      187.040    0.0101933
       122.40000      636.357      187.040    0.0101933
       123.20000      636.357      187.040    0.0101933
       124.00000      636.357      187.040    0.0101933
       124.80000      636.356      187.040    0.0101933
       125.60000      636.356      187.040    0.0101933
       126.40000      636.356      187.040    0.0101933
       127.20000      636.356      187.040    0.0101933
       128.00000      636.356      187.040    0.0101933
       128.80000      636.356      187.040    0.0101933
       129.60000      636.356      187.040    0.0101933
       130.40000      636.356      187.040    0.0101933
       131.20000      636.356      187.040    0.0101933
       132.00000      636.356      187.040    0.0101933
       132.80000      636.356      187.040    0.0101933
       133.60000      636.356      187.040    0.0101933
       134.40000      636.356      187.040    0.0101933
       135.20000      636.356      187.040    0.0101933
       136.00000      636.356      187.040    0.0101933
       136.80000      636.356      187.040    0.0101933
       137.60000      636.356      187.040    0.0101933
       138.40000      636.356      187.040    0.0101933
       139.20000      636.356      187.040    0.0101933
       140.00000      636.356      187.040    0.0101933
       140.80000      636.356      187.040    0.0101933
       141.60000      636.356      187.040    0.0101933
       142.40000      636.356      187.040    0.0101933
       143.20000      636.355      187.040    0.0101933
       144.00000      636.355      187.040    0.0101933
       144.80000      636.355      187.040    0.0101933
       145.60000      636.355      187.040    0.0101933
       146.40000      636.355      187.040    0.0101933
       147.20000      636.355      187.040    0.0101933
       148.00000      636.355      187.040    0.0101933
       148.80000      636.355      187.040    0.0101933
       149.60000      636.355      187.040    0.0101933
       150.40000      636.356      187.040    0.0101933
       151.20000      636.355      187.040    0.0101933
       152.00000      636.355      187.040    0.0101933
       152.80000      636.355      187.040    0.0101933
       153.60000      636.355      187.040    0.0101933
       154.40000      636.355      187.040    0.0101933
       155.20000      636.355      187.040    0.0101933
       156.00000      636.355      187.040    0.0101933
       156.80000      636.355      187.040    0.0101933
       157.60000      636.355      187.040    0.0101933
       158.40000      636.355      187.040    0.0101933
       159.20000      636.355      187.040    0.0101933
       160.00000      636.355      187.040    0.0101933
       160.80000      636.355      187.040    0.0101933
       161.60000      636.355      187.040    0.0101933
       162.40000      636.355      187.040    0.0101933
       163.20000      636.355      187.040    0.0101933
       164.00000      636.355      187.040    0.0101933
       164.80000      636.355      187.040    0.0101933
       165.60000      636.355      187.040    0.0101933
       166.40000      636.355      187.040    0.0101933
       167.20000      636.355      187.040    0.0101933
       168.00000      636.355      187.040    0.0101933
       168.80000      636.355      187.040    0.0101933
       169.60000      636.355      187.040    0.0101933
       170.40000      636.355      187.040    0.0101933
       171.20000      636.354      187.040    0.0101933
       172.00000      636.354      187.040    0.0101933
       172.80000      636.354      187.040    0.0101933
       173.60000      636.354      187.040    0.0101933
       174.40000      636.354      187.040    0.0101933
       175.20000      636.354      187.040    0.0101933
       176.00000      636.354      187.040    0.0101933
       176.80000      636.355      187.040    0.0101933
       177.60000      636.355      187.040    0.0101933
       178.40000      636.355      187.040    0.0101933
       179.20000      636.354      187.040    0.0101933
       180.00000      636.354      187.040    0.0101933
       180.80000      636.355      187.040    0.0101933
       181.60000      636.355      187.040    0.0101933
       182.40000      636.355      187.040    0.0101933
       183.20000      636.355      187.040    0.0101933
       184.00000      636.355      187.040    0.0101933
       184.80000      636.355      187.040    0.0101933
       185.60000      636.355      187.040    0.0101933
       186.40000      636.355      187.040    0.0101933
       187.20000      636.355      187.040    0.0101933
       188.00000      636.355      187.040    0.0101933
       188.80000      636.355      187.040    0.0101933
       189.60000      636.355      187.040    0.0101933
       190.40000      636.355      187.040    0.0101933
       191.20000      636.355      187.040    0.0101933
       192.00000      636.355      187.040    0.0101933
       192.80000      636.355      187.040    0.0101933
       193.60000      636.355      187.040    0.0101933
       194.40000      636.355      187.040    0.0101933
       195.20000      636.355      187.040    0.0101933
       196.00000      636.355      187.040    0.0101933
       196.80000      636.355      187.040    0.0101933
       197.60000      636.355      187.040    0.0101933
       198.40000      636.355      187.040    0.0101933
       199.20000      636.355      187.040    0.0101933
       200.00000      636.355      187.040    0.0101933
       200.80000      636.355      187.040    0.0101933
       201.60000      636.355      187.040    0.0101933
       202.40000      636.355      187.040    0.0101933
       203.20000      636.355      187.040    0.0101933
       204.00000      636.355      187.040    0.0101933
       204.80000      636.355      187.041    0.0101933
       205.60000      636.355      187.040    0.0101933
       206.40000      636.355      187.040    0.0101933
       207.20000      636.355      187.040    0.0101933
       208.00000      636.355      187.040    0.0101933
       208.80000      636.355      187.040    0.0101933
       209.60000      636.355      187.040    0.0101933
       210.40000      636.355      187.041    0.0101933
       211.20000      636.356      187.041    0.0101933
       212.00000      636.356      187.041    0.0101933
       212.80000      636.355      187.041    0.0101933
       213.60000      636.355      187.040    0.0101933
       214.40000      636.355      187.041    0.0101933
       215.20000      636.356      187.041    0.0101933
       216.00000      636.356      187.041    0.0101933
       216.80000      636.356      187.041    0.0101933
       217.60000      636.355      187.041    0.0101933
       218.40000      636.355      187.041    0.0101933
       219.20000      636.356      187.041    0.0101933
       220.00000      636.356      187.041    0.0101933
       220.80000      636.356      187.041    0.0101933
       221.60000      636.356      187.041    0.0101933
       222.40000      636.356      187.041    0.0101933
       223.20000      636.356      187.041    0.0101933
       224.00000      636.356      187.041    0.0101933
       224.80000      636.356      187.041    0.0101933
       225.60000      636.356      187.041    0.0101933
       226.40000      636.356      187.041    0.0101933
       227.20000      636.356      187.041    0.0101933
       228.00000      636.356      187.041    0.0101933
       228.80000      636.356      187.041    0.0101933
       229.60000      636.356      187.041    0.0101933
       230.40000      636.356      187.041    0.0101933
       231.20000      636.356      187.041    0.0101933
       232.00000      636.356      187.041    0.0101933
       232.80000      636.356      187.041    0.0101933
       233.60000      636.356      187.041    0.0101933
       234.40000      636.357      187.041    0.0101933
       235.20000      636.356      187.041    0.0101933
       236.00000      636.356      187.041    0.0101933
       236.80000      636.356      187.041    0.0101933
       237.60000      636.356      187.041    0.0101933
       238.40000      636.356      187.041    0.0101933
       239.20000      636.356      187.041    0.0101933
       240.00000      636.356      187.041    0.0101933
       240.80000      636.356      187.041    0.0101933
       241.60000      636.356      187.041    0.0101933
       242.40000      636.356      187.041    0.0101933
       243.20000      636.356      187.041    0.0101933
       244.00000      636.356      187.041    0.0101933
       244.80000      636.356      187.041    0.0101933
       245.60000      636.356      187.041    0.0101933
       246.40000      636.355      187.041    0.0101933
       247.20000      636.355      187.041    0.0101933
       248.00000      636.355      187.041    0.0101933
       248.80000      636.356      187.041    0.0101933
       249.60000      636.356      187.041    0.0101933
