       0.0000000      1735.25      34.4583  0.000102170
      0.80000000      1735.25      34.4583  0.000102170
       1.6000000      1735.25      34.4583  0.000102170
       2.4000000      1735.25      34.4583  0.000102170
       3.2000000      1735.25      34.4583  0.000102170
       4.0000000      1735.25      34.4583  0.000102170
       4.8000000      1735.25      34.4583  0.000102170
       5.6000000      1735.25      34.4583  0.000102170
       6.4000000      1735.25      34.4583  0.000102170
       7.2000000      1735.25      34.4583  0.000102170
       8.0000000      1735.25      34.4583  0.000102170
       8.8000000      1735.25      34.4583  0.000102170
       9.6000000      1735.25      34.4583  0.000102170
       10.400000      1735.25      34.4583  0.000102170
       11.200000      1735.25      34.4583  0.000102170
       12.000000      1735.25      34.4583  0.000102170
       12.800000      1735.25      34.4583  0.000102170
       13.600000      1735.25      34.4583  0.000102170
       14.400000      1735.25      34.4583  0.000102170
       15.200000      1735.25      34.4583  0.000102170
       16.000000      1735.25      34.4583  0.000102170
       16.800000      1735.25      34.4583  0.000102170
       17.600000      1735.25      34.4583  0.000102170
       18.400000      1735.25      34.4583  0.000102170
       19.200000      1735.25      34.4583  0.000102170
       20.000000      1735.25      34.4583  0.000102170
       20.800000      1735.25      34.4583  0.000102170
       21.600000      1735.25      34.4583  0.000102170
       22.400000      1735.25      34.4583  0.000102170
       23.200000      1735.25      34.4583  0.000102170
       24.000000      1735.25      34.4583  0.000102170
       24.800000      1735.25      34.4583  0.000102170
       25.600000      1735.25      34.4583  0.000102170
       26.400000      1735.25      34.4583  0.000102170
       27.200000      1735.25      34.4583  0.000102171
       28.000000      1735.25      34.4583  0.000102172
       28.800000      1735.25      34.4583  0.000102201
       29.600000      1735.25      34.4583  0.000102580
       30.400000      1735.25      34.4583  0.000105002
       31.200000      1735.25      34.4584  0.000118100
       32.000000      1735.24      34.4521  0.000161324
       32.800000      1735.21      34.4643  0.000258150
       33.600000      1735.17      34.4837  0.000433307
       34.400000      1735.03      34.5915  0.000694407
       35.200000      1734.80      34.8130   0.00104563
       36.000000      1734.21      35.3865   0.00148994
       36.800000      1733.29      36.5229   0.00202798
       37.600000      1731.69      37.7410   0.00265101
       38.400000      1728.94      41.5606   0.00335233
       39.200000      1725.77      46.0890   0.00413146
       40.000000      1720.76      53.5206   0.00497971
       40.800000      1713.53      64.4098   0.00588664
       41.600000      1704.15      77.1133   0.00684777
       42.400000      1692.66      91.3151   0.00784844
       43.200000      1677.93      107.644   0.00888790
       44.000000      1662.49      121.339   0.00995272
       44.800000      1643.44      138.331    0.0110279
       45.600000      1622.41      152.760    0.0121111
       46.400000      1601.10      167.200    0.0131984
       47.200000      1576.81      181.062    0.0142421
       48.000000      1550.91      194.399    0.0152570
       48.800000      1523.38      206.363    0.0162795
       49.600000      1492.22      219.670    0.0172845
       50.400000      1461.53      231.344    0.0182029
       51.200000      1431.65      240.858    0.0190266
       52.000000      1405.02      248.637    0.0197647
       52.800000      1374.15      255.936    0.0204566
       53.600000      1350.05      259.658    0.0210560
       54.400000      1321.47      263.829    0.0215660
       55.200000      1295.83      267.723    0.0221125
       56.000000      1271.75      268.569    0.0227037
       56.800000      1247.60      269.366    0.0231041
       57.600000      1222.45      272.194    0.0235747
       58.400000      1197.94      273.833    0.0242408
       59.200000      1174.65      275.023    0.0249111
       60.000000      1152.99      275.564    0.0253408
       60.800000      1131.55      276.096    0.0257890
       61.600000      1112.21      275.028    0.0264121
       62.400000      1091.38      274.589    0.0270300
       63.200000      1071.27      272.636    0.0274875
       64.000000      1052.84      270.858    0.0279700
       64.800000      1036.11      269.380    0.0285782
       65.600000      1018.82      268.784    0.0291011
       66.400000      1001.35      267.300    0.0295221
       67.200000      982.585      264.245    0.0301268
       68.000000      966.050      262.348    0.0308713
       68.800000      949.816      259.094    0.0314146
       69.600000      933.371      255.872    0.0317718
       70.400000      918.463      254.006    0.0323714
       71.200000      904.185      252.565    0.0331064
       72.000000      890.330      251.393    0.0336152
       72.800000      876.473      248.197    0.0340135
       73.600000      864.344      246.131    0.0345986
       74.400000      851.639      243.610    0.0351897
       75.200000      839.125      241.985    0.0356960
       76.000000      826.372      238.615    0.0361918
       76.800000      813.334      236.263    0.0368265
       77.600000      801.483      234.338    0.0374651
       78.400000      790.019      232.255    0.0379993
       79.200000      777.656      229.145    0.0384701
       80.000000      765.612      227.112    0.0392412
       80.800000      754.062      225.579    0.0399916
       81.600000      741.883      221.240    0.0405017
       82.400000      731.492      219.091    0.0409712
       83.200000      722.321      217.481    0.0416957
       84.000000      712.332      215.006    0.0423167
       84.800000      701.279      212.034    0.0427913
       85.600000      692.741      210.459    0.0434238
       86.400000      682.875      208.169    0.0441476
       87.200000      672.456      204.872    0.0447763
       88.000000      665.155      203.359    0.0453214
       88.800000      656.709      200.690    0.0457988
       89.600000      647.376      197.574    0.0463484
       90.400000      639.046      195.049    0.0471350
       91.200000      631.605      193.036    0.0477549
       92.000000      623.607      191.313    0.0481668
       92.800000      615.561      189.545    0.0487341
       93.600000      607.576      187.557    0.0496697
       94.400000      599.432      185.551    0.0503173
       95.200000      592.998      182.749    0.0507208
       96.000000      586.344      180.362    0.0511351
       96.800000      579.370      178.342    0.0519651
       97.600000      572.050      176.095    0.0526588
       98.400000      565.992      174.653    0.0531769
       99.200000      559.634      172.120    0.0535511
       100.00000      552.971      169.900    0.0543165
       100.80000      546.562      167.740    0.0550578
       101.60000      540.326      165.697    0.0556263
       102.40000      534.323      163.496    0.0559837
       103.20000      528.430      161.150    0.0567801
       104.00000      521.782      157.178    0.0574604
       104.80000      515.796      155.518    0.0580561
       105.60000      510.640      153.108    0.0585483
       106.40000      505.538      151.192    0.0592014
       107.20000      499.954      149.077    0.0597194
       108.00000      494.945      147.373    0.0603858
       108.80000      489.959      145.631    0.0609434
       109.60000      485.009      143.916    0.0615417
       110.40000      479.339      141.660    0.0621095
       111.20000      474.673      140.358    0.0628886
       112.00000      469.878      138.856    0.0635231
       112.80000      465.235      136.931    0.0640904
       113.60000      460.943      135.631    0.0645569
       114.40000      456.182      134.072    0.0652887
       115.20000      451.692      132.483    0.0660216
       116.00000      447.001      130.853    0.0666020
       116.80000      443.204      129.451    0.0670384
       117.60000      439.019      127.986    0.0677343
       118.40000      435.124      126.791    0.0684420
       119.20000      430.782      125.210    0.0690238
       120.00000      426.672      123.919    0.0695575
       120.80000      422.452      121.294    0.0703459
       121.60000      418.653      119.830    0.0710104
       122.40000      414.712      118.249    0.0714752
       123.20000      410.748      116.811    0.0720548
       124.00000      406.972      115.766    0.0729215
       124.80000      403.270      114.608    0.0736396
       125.60000      399.846      113.807    0.0740551
       126.40000      396.104      112.737    0.0746596
       127.20000      392.412      111.463    0.0755671
       128.00000      388.878      110.378    0.0763450
       128.80000      385.329      108.823    0.0767612
       129.60000      381.905      107.280    0.0773563
       130.40000      378.265      105.994    0.0781409
       131.20000      375.212      104.756    0.0788979
       132.00000      372.220      103.747    0.0789770
       132.80000      369.032      102.950    0.0789602
       133.60000      365.921      101.743    0.0789059
       134.40000      362.783      100.765    0.0784724
       135.20000      359.975      99.9725    0.0770611
       136.00000      357.488      99.1040    0.0752551
       136.80000      354.925      98.2676    0.0731050
       137.60000      352.671      97.6146    0.0706487
       138.40000      350.470      96.5564    0.0672366
       139.20000      348.639      95.9841    0.0634813
       140.00000      347.133      95.3472    0.0595053
       140.80000      345.691      94.4689    0.0554366
       141.60000      344.601      94.1275    0.0506686
       142.40000      343.683      93.7666    0.0460012
       143.20000      342.909      93.4790    0.0414003
       144.00000      342.300      93.2157    0.0371715
       144.80000      341.796      92.9526    0.0327028
       145.60000      341.436      92.7563    0.0289148
       146.40000      341.148      92.6250    0.0255232
       147.20000      340.986      92.5919    0.0229375
       148.00000      340.870      92.5154    0.0207541
       148.80000      340.793      92.4638    0.0192227
       149.60000      340.752      92.4446    0.0181817
       150.40000      340.733      92.4413    0.0175734
       151.20000      340.725      92.4396    0.0172275
       152.00000      340.722      92.4378    0.0170576
       152.80000      340.720      92.4372    0.0169903
       153.60000      340.719      92.4371    0.0169628
       154.40000      340.719      92.4372    0.0169536
       155.20000      340.719      92.4371    0.0169527
       156.00000      340.719      92.4371    0.0169521
       156.80000      340.719      92.4371    0.0169521
       157.60000      340.719      92.4371    0.0169521
       158.40000      340.719      92.4372    0.0169521
       159.20000      340.719      92.4371    0.0169521
       160.00000      340.719      92.4371    0.0169521
       160.80000      340.719      92.4371    0.0169521
       161.60000      340.719      92.4371    0.0169521
       162.40000      340.719      92.4371    0.0169521
       163.20000      340.719      92.4371    0.0169521
       164.00000      340.719      92.4371    0.0169521
       164.80000      340.719      92.4371    0.0169521
       165.60000      340.719      92.4371    0.0169521
       166.40000      340.719      92.4371    0.0169521
       167.20000      340.719      92.4371    0.0169521
       168.00000      340.719      92.4371    0.0169521
       168.80000      340.719      92.4371    0.0169521
       169.60000      340.719      92.4371    0.0169521
       170.40000      340.719      92.4371    0.0169521
       171.20000      340.719      92.4371    0.0169521
       172.00000      340.719      92.4371    0.0169521
       172.80000      340.719      92.4371    0.0169521
       173.60000      340.719      92.4371    0.0169521
       174.40000      340.719      92.4371    0.0169521
       175.20000      340.719      92.4371    0.0169521
       176.00000      340.719      92.4371    0.0169521
       176.80000      340.719      92.4371    0.0169521
       177.60000      340.719      92.4371    0.0169521
       178.40000      340.719      92.4371    0.0169521
       179.20000      340.719      92.4371    0.0169521
       180.00000      340.719      92.4371    0.0169521
       180.80000      340.719      92.4371    0.0169521
       181.60000      340.719      92.4371    0.0169521
       182.40000      340.719      92.4371    0.0169521
       183.20000      340.719      92.4371    0.0169521
       184.00000      340.719      92.4371    0.0169521
       184.80000      340.719      92.4371    0.0169521
       185.60000      340.719      92.4371    0.0169521
       186.40000      340.719      92.4371    0.0169521
       187.20000      340.719      92.4371    0.0169521
       188.00000      340.719      92.4371    0.0169521
       188.80000      340.719      92.4371    0.0169521
       189.60000      340.719      92.4371    0.0169521
       190.40000      340.719      92.4371    0.0169521
       191.20000      340.719      92.4371    0.0169521
       192.00000      340.719      92.4371    0.0169521
       192.80000      340.719      92.4371    0.0169521
       193.60000      340.719      92.4371    0.0169521
       194.40000      340.719      92.4371    0.0169521
       195.20000      340.719      92.4372    0.0169522
       196.00000      340.719      92.4372    0.0169522
       196.80000      340.719      92.4372    0.0169522
       197.60000      340.719      92.4372    0.0169522
       198.40000      340.719      92.4372    0.0169522
       199.20000      340.719      92.4372    0.0169522
       200.00000      340.719      92.4372    0.0169522
       200.80000      340.719      92.4372    0.0169522
       201.60000      340.719      92.4372    0.0169522
       202.40000      340.719      92.4372    0.0169522
       203.20000      340.719      92.4372    0.0169522
       204.00000      340.719      92.4372    0.0169522
       204.80000      340.719      92.4372    0.0169522
       205.60000      340.719      92.4372    0.0169522
       206.40000      340.719      92.4372    0.0169522
       207.20000      340.719      92.4372    0.0169522
       208.00000      340.719      92.4372    0.0169522
       208.80000      340.719      92.4372    0.0169522
       209.60000      340.719      92.4372    0.0169522
       210.40000      340.719      92.4372    0.0169522
       211.20000      340.719      92.4372    0.0169522
       212.00000      340.719      92.4372    0.0169522
       212.80000      340.720      92.4372    0.0169522
       213.60000      340.720      92.4372    0.0169522
       214.40000      340.720      92.4372    0.0169522
       215.20000      340.720      92.4372    0.0169522
       216.00000      340.720      92.4372    0.0169522
       216.80000      340.720      92.4372    0.0169522
       217.60000      340.720      92.4372    0.0169522
       218.40000      340.720      92.4372    0.0169522
       219.20000      340.720      92.4372    0.0169522
       220.00000      340.720      92.4372    0.0169522
       220.80000      340.720      92.4372    0.0169522
       221.60000      340.720      92.4372    0.0169522
       222.40000      340.720      92.4372    0.0169522
       223.20000      340.720      92.4372    0.0169522
       224.00000      340.720      92.4372    0.0169522
       224.80000      340.720      92.4373    0.0169522
       225.60000      340.720      92.4373    0.0169522
       226.40000      340.720      92.4373    0.0169522
       227.20000      340.720      92.4372    0.0169522
       228.00000      340.720      92.4372    0.0169522
       228.80000      340.720      92.4373    0.0169522
       229.60000      340.720      92.4373    0.0169522
       230.40000      340.720      92.4373    0.0169522
       231.20000      340.720      92.4373    0.0169522
       232.00000      340.720      92.4373    0.0169522
       232.80000      340.720      92.4373    0.0169522
       233.60000      340.720      92.4373    0.0169522
       234.40000      340.720      92.4373    0.0169522
       235.20000      340.720      92.4373    0.0169522
       236.00000      340.720      92.4373    0.0169522
       236.80000      340.720      92.4373    0.0169522
       237.60000      340.720      92.4373    0.0169522
       238.40000      340.720      92.4373    0.0169522
       239.20000      340.720      92.4373    0.0169522
       240.00000      340.720      92.4373    0.0169522
       240.80000      340.720      92.4373    0.0169522
       241.60000      340.720      92.4373    0.0169522
       242.40000      340.720      92.4372    0.0169522
       243.20000      340.720      92.4373    0.0169522
       244.00000      340.720      92.4373    0.0169522
       244.80000      340.720      92.4373    0.0169522
       245.60000      340.720      92.4373    0.0169522
       246.40000      340.720      92.4373    0.0169522
       247.20000      340.720      92.4373    0.0169522
       248.00000      340.720      92.4373    0.0169522
       248.80000      340.720      92.4373    0.0169522
       249.60000      340.720      92.4373    0.0169522
       250.40000      340.720      92.4373    0.0169522
       251.20000      340.720      92.4373    0.0169522
       252.00000      340.720      92.4373    0.0169522
       252.80000      340.720      92.4373    0.0169522
       253.60000      340.720      92.4373    0.0169522
       254.40000      340.720      92.4373    0.0169522
       255.20000      340.720      92.4373    0.0169522
       256.00000      340.720      92.4373    0.0169522
       256.80000      340.720      92.4373    0.0169522
       257.60000      340.720      92.4373    0.0169522
       258.40000      340.720      92.4373    0.0169522
       259.20000      340.720      92.4373    0.0169522
       260.00000      340.720      92.4373    0.0169522
       260.80000      340.720      92.4373    0.0169522
       261.60000      340.720      92.4373    0.0169522
       262.40000      340.720      92.4373    0.0169522
       263.20000      340.720      92.4373    0.0169522
       264.00000      340.720      92.4373    0.0169522
       264.80000      340.720      92.4373    0.0169522
       265.60000      340.720      92.4373    0.0169522
       266.40000      340.720      92.4373    0.0169522
       267.20000      340.720      92.4373    0.0169522
       268.00000      340.720      92.4373    0.0169522
       268.80000      340.720      92.4373    0.0169522
       269.60000      340.720      92.4373    0.0169522
       270.40000      340.720      92.4373    0.0169522
       271.20000      340.720      92.4373    0.0169522
       272.00000      340.720      92.4373    0.0169522
       272.80000      340.720      92.4373    0.0169522
       273.60000      340.720      92.4373    0.0169522
       274.40000      340.720      92.4373    0.0169522
       275.20000      340.720      92.4373    0.0169522
       276.00000      340.720      92.4373    0.0169522
       276.80000      340.720      92.4373    0.0169522
       277.60000      340.720      92.4373    0.0169522
       278.40000      340.720      92.4373    0.0169522
       279.20000      340.720      92.4373    0.0169522
       280.00000      340.720      92.4373    0.0169522
       280.80000      340.720      92.4373    0.0169522
       281.60000      340.720      92.4374    0.0169522
       282.40000      340.720      92.4373    0.0169522
       283.20000      340.720      92.4374    0.0169522
       284.00000      340.720      92.4374    0.0169522
       284.80000      340.720      92.4374    0.0169522
       285.60000      340.720      92.4374    0.0169522
       286.40000      340.720      92.4374    0.0169522
       287.20000      340.720      92.4374    0.0169522
       288.00000      340.720      92.4374    0.0169522
       288.80000      340.720      92.4374    0.0169522
       289.60000      340.720      92.4374    0.0169522
       290.40000      340.720      92.4374    0.0169522
       291.20000      340.720      92.4374    0.0169522
       292.00000      340.720      92.4374    0.0169522
       292.80000      340.720      92.4374    0.0169522
       293.60000      340.720      92.4374    0.0169522
       294.40000      340.720      92.4374    0.0169522
       295.20000      340.720      92.4374    0.0169522
       296.00000      340.720      92.4374    0.0169522
       296.80000      340.720      92.4374    0.0169522
       297.60000      340.720      92.4374    0.0169522
       298.40000      340.720      92.4374    0.0169522
       299.20000      340.720      92.4374    0.0169522
       300.00000      340.720      92.4374    0.0169522
       300.80000      340.720      92.4374    0.0169522
       301.60000      340.720      92.4374    0.0169522
       302.40000      340.720      92.4374    0.0169522
       303.20000      340.720      92.4374    0.0169522
       304.00000      340.720      92.4374    0.0169522
       304.80000      340.720      92.4374    0.0169522
       305.60000      340.720      92.4375    0.0169522
       306.40000      340.720      92.4375    0.0169522
       307.20000      340.720      92.4375    0.0169522
       308.00000      340.720      92.4375    0.0169522
       308.80000      340.720      92.4375    0.0169522
       309.60000      340.720      92.4375    0.0169522
       310.40000      340.720      92.4374    0.0169522
       311.20000      340.720      92.4375    0.0169522
       312.00000      340.720      92.4375    0.0169522
       312.80000      340.720      92.4375    0.0169522
       313.60000      340.720      92.4375    0.0169522
       314.40000      340.720      92.4375    0.0169522
       315.20000      340.720      92.4375    0.0169522
       316.00000      340.720      92.4375    0.0169522
       316.80000      340.720      92.4375    0.0169522
       317.60000      340.720      92.4375    0.0169522
       318.40000      340.720      92.4375    0.0169522
       319.20000      340.720      92.4375    0.0169522
       320.00000      340.720      92.4375    0.0169522
       320.80000      340.720      92.4375    0.0169522
       321.60000      340.720      92.4375    0.0169522
       322.40000      340.720      92.4375    0.0169522
       323.20000      340.720      92.4375    0.0169522
       324.00000      340.720      92.4375    0.0169522
       324.80000      340.720      92.4375    0.0169522
       325.60000      340.720      92.4375    0.0169522
       326.40000      340.720      92.4375    0.0169522
       327.20000      340.720      92.4375    0.0169522
       328.00000      340.720      92.4375    0.0169522
       328.80000      340.720      92.4375    0.0169522
       329.60000      340.720      92.4375    0.0169522
       330.40000      340.720      92.4375    0.0169522
       331.20000      340.720      92.4376    0.0169522
       332.00000      340.720      92.4376    0.0169522
       332.80000      340.720      92.4376    0.0169522
       333.60000      340.720      92.4375    0.0169522
       334.40000      340.720      92.4375    0.0169522
       335.20000      340.720      92.4375    0.0169522
       336.00000      340.720      92.4375    0.0169522
       336.80000      340.720      92.4375    0.0169522
       337.60000      340.720      92.4375    0.0169522
       338.40000      340.720      92.4375    0.0169522
       339.20000      340.720      92.4375    0.0169522
       340.00000      340.720      92.4375    0.0169522
       340.80000      340.720      92.4375    0.0169522
       341.60000      340.720      92.4375    0.0169522
       342.40000      340.720      92.4375    0.0169522
       343.20000      340.720      92.4375    0.0169522
       344.00000      340.720      92.4375    0.0169522
       344.80000      340.720      92.4375    0.0169522
       345.60000      340.720      92.4375    0.0169522
       346.40000      340.720      92.4375    0.0169522
       347.20000      340.720      92.4375    0.0169522
       348.00000      340.720      92.4375    0.0169522
       348.80000      340.720      92.4376    0.0169522
       349.60000      340.721      92.4376    0.0169522
