       0.0000000      1735.25      34.4583  0.000102170
      0.80000000      1735.25      34.4583  0.000102170
       1.6000000      1735.25      34.4583  0.000102170
       2.4000000      1735.25      34.4583  0.000102170
       3.2000000      1735.25      34.4583  0.000102170
       4.0000000      1735.25      34.4583  0.000102170
       4.8000000      1735.25      34.4583  0.000102170
       5.6000000      1735.25      34.4583  0.000102170
       6.4000000      1735.25      34.4583  0.000102170
       7.2000000      1735.25      34.4583  0.000102170
       8.0000000      1735.25      34.4583  0.000102170
       8.8000000      1735.25      34.4583  0.000102170
       9.6000000      1735.25      34.4583  0.000102170
       10.400000      1735.25      34.4583  0.000102170
       11.200000      1735.25      34.4583  0.000102170
       12.000000      1735.25      34.4583  0.000102170
       12.800000      1735.25      34.4583  0.000102170
       13.600000      1735.25      34.4583  0.000102170
       14.400000      1735.25      34.4583  0.000102170
       15.200000      1735.25      34.4583  0.000102170
       16.000000      1735.25      34.4583  0.000102170
       16.800000      1735.25      34.4583  0.000102170
       17.600000      1735.25      34.4583  0.000102170
       18.400000      1735.25      34.4583  0.000102170
       19.200000      1735.25      34.4583  0.000102170
       20.000000      1735.25      34.4583  0.000102170
       20.800000      1735.25      34.4583  0.000102170
       21.600000      1735.25      34.4583  0.000102170
       22.400000      1735.25      34.4583  0.000102170
       23.200000      1735.25      34.4583  0.000102170
       24.000000      1735.25      34.4583  0.000102170
       24.800000      1735.25      34.4583  0.000102170
       25.600000      1735.25      34.4583  0.000102170
       26.400000      1735.25      34.4583  0.000102170
       27.200000      1735.25      34.4583  0.000102171
       28.000000      1735.25      34.4583  0.000102172
       28.800000      1735.25      34.4583  0.000102201
       29.600000      1735.25      34.4583  0.000102586
       30.400000      1735.25      34.4583  0.000105010
       31.200000      1735.25      34.4584  0.000118005
       32.000000      1735.24      34.4521  0.000161330
       32.800000      1735.21      34.4643  0.000258110
       33.600000      1735.17      34.4837  0.000433194
       34.400000      1735.03      34.5915  0.000694367
       35.200000      1734.80      34.8130   0.00104579
       36.000000      1734.21      35.3865   0.00148998
       36.800000      1733.29      36.5229   0.00202783
       37.600000      1731.69      37.7410   0.00265097
       38.400000      1728.94      41.5607   0.00335249
       39.200000      1725.76      46.0891   0.00413149
       40.000000      1720.76      53.5207   0.00497956
       40.800000      1713.53      64.4099   0.00588662
       41.600000      1704.15      77.1133   0.00684791
       42.400000      1692.66      91.3151   0.00784846
       43.200000      1677.93      107.644   0.00888772
       44.000000      1662.49      121.339   0.00995273
       44.800000      1643.44      138.331    0.0110281
       45.600000      1622.41      152.760    0.0121111
       46.400000      1601.10      167.200    0.0131982
       47.200000      1576.81      181.062    0.0142421
       48.000000      1550.91      194.399    0.0152571
       48.800000      1523.38      206.363    0.0162795
       49.600000      1492.22      219.670    0.0172843
       50.400000      1461.53      231.344    0.0182030
       51.200000      1431.65      240.858    0.0190267
       52.000000      1403.25      248.528    0.0197665
       52.800000      1375.05      256.135    0.0204781
       53.600000      1349.55      261.111    0.0210746
       54.400000      1319.73      265.999    0.0215862
       55.200000      1291.63      269.423    0.0221757
       56.000000      1267.33      271.178    0.0228517
       56.800000      1243.36      271.874    0.0232641
       57.600000      1221.08      272.632    0.0236201
       58.400000      1197.29      273.472    0.0241733
       59.200000      1173.28      274.405    0.0249255
       60.000000      1151.35      273.386    0.0254465
       60.800000      1130.36      272.684    0.0257900
       61.600000      1111.29      272.548    0.0262516
       62.400000      1092.57      271.202    0.0269424
       63.200000      1072.22      270.341    0.0274537
       64.000000      1053.25      269.353    0.0278924
       64.800000      1034.46      267.999    0.0284680
       65.600000      1016.44      266.130    0.0291771
       66.400000      998.157      263.711    0.0296468
       67.200000      981.242      262.708    0.0301279
       68.000000      965.435      261.182    0.0307552
       68.800000      949.517      259.482    0.0314046
       69.600000      933.547      256.753    0.0318315
       70.400000      918.353      254.724    0.0323422
       71.200000      905.186      252.948    0.0329649
       72.000000      890.413      250.807    0.0335626
       72.800000      874.682      246.499    0.0340424
       73.600000      861.269      244.560    0.0347155
       74.400000      848.690      242.602    0.0353394
       75.200000      836.278      239.838    0.0357885
       76.000000      822.960      236.601    0.0362353
       76.800000      809.513      233.831    0.0369963
       77.600000      797.234      230.610    0.0377015
       78.400000      785.068      228.536    0.0381864
       79.200000      772.317      225.814    0.0386578
       80.000000      760.855      222.564    0.0394870
       80.800000      749.857      220.008    0.0401962
       81.600000      739.002      218.149    0.0405831
       82.400000      729.613      217.064    0.0410515
       83.200000      719.459      213.965    0.0418629
       84.000000      710.035      211.748    0.0424783
       84.800000      700.277      209.437    0.0428261
       85.600000      691.368      207.566    0.0433379
       86.400000      680.896      204.323    0.0441943
       87.200000      672.169      201.458    0.0448509
       88.000000      662.742      198.866    0.0451818
       88.800000      654.599      197.079    0.0457754
       89.600000      646.124      194.525    0.0466556
       90.400000      638.264      192.979    0.0472368
       91.200000      629.984      190.784    0.0475253
       92.000000      622.369      189.025    0.0482263
       92.800000      614.331      186.485    0.0491391
       93.600000      607.119      184.751    0.0496722
       94.400000      599.564      182.536    0.0499438
       95.200000      592.256      179.820    0.0506597
       96.000000      585.501      178.513    0.0515431
       96.800000      578.785      176.745    0.0520324
       97.600000      572.216      174.672    0.0523492
       98.400000      565.190      171.865    0.0531212
       99.200000      558.335      168.853    0.0539862
       100.00000      551.549      167.070    0.0544419
       100.80000      545.581      165.148    0.0547865
       101.60000      539.770      163.512    0.0556073
       102.40000      534.102      161.666    0.0563484
       103.20000      527.606      158.961    0.0567578
       104.00000      521.791      157.065    0.0572147
       104.80000      515.533      154.643    0.0581334
       105.60000      510.162      152.924    0.0588163
       106.40000      504.331      151.426    0.0591022
       107.20000      499.087      150.131    0.0593554
       108.00000      494.171      148.466    0.0598401
       108.80000      489.271      146.793    0.0596097
       109.60000      484.914      145.763    0.0588104
       110.40000      480.652      144.648    0.0578456
       111.20000      476.528      143.499    0.0569191
       112.00000      473.014      142.675    0.0550993
       112.80000      469.584      141.556    0.0527338
       113.60000      466.270      139.953    0.0502081
       114.40000      463.148      138.825    0.0478251
       115.20000      460.842      137.827    0.0446727
       116.00000      458.845      136.606    0.0411448
       116.80000      457.014      135.896    0.0376039
       117.60000      455.486      135.273    0.0345356
       118.40000      454.364      135.041    0.0309916
       119.20000      453.450      134.715    0.0274723
       120.00000      452.702      134.409    0.0243626
       120.80000      452.147      134.251    0.0219169
       121.60000      451.812      134.117    0.0195031
       122.40000      451.571      134.055    0.0174663
       123.20000      451.407      133.947    0.0161142
       124.00000      451.308      133.886    0.0152340
       124.80000      451.241      133.827    0.0145443
       125.60000      451.208      133.806    0.0140934
       126.40000      451.194      133.800    0.0139338
       127.20000      451.189      133.798    0.0138538
       128.00000      451.188      133.798    0.0137968
       128.80000      451.187      133.798    0.0137800
       129.60000      451.187      133.797    0.0137817
       130.40000      451.187      133.797    0.0137810
       131.20000      451.187      133.797    0.0137804
       132.00000      451.187      133.797    0.0137804
       132.80000      451.187      133.797    0.0137804
       133.60000      451.187      133.797    0.0137804
       134.40000      451.187      133.797    0.0137804
       135.20000      451.187      133.797    0.0137804
       136.00000      451.187      133.797    0.0137804
       136.80000      451.187      133.797    0.0137804
       137.60000      451.187      133.797    0.0137804
       138.40000      451.187      133.797    0.0137804
       139.20000      451.187      133.797    0.0137804
       140.00000      451.187      133.797    0.0137804
       140.80000      451.187      133.797    0.0137804
       141.60000      451.187      133.797    0.0137804
       142.40000      451.187      133.797    0.0137804
       143.20000      451.187      133.797    0.0137804
       144.00000      451.187      133.797    0.0137804
       144.80000      451.187      133.797    0.0137804
       145.60000      451.187      133.797    0.0137804
       146.40000      451.187      133.797    0.0137804
       147.20000      451.187      133.797    0.0137804
       148.00000      451.187      133.797    0.0137804
       148.80000      451.187      133.797    0.0137804
       149.60000      451.187      133.797    0.0137804
       150.40000      451.187      133.797    0.0137804
       151.20000      451.187      133.797    0.0137804
       152.00000      451.187      133.797    0.0137804
       152.80000      451.187      133.797    0.0137804
       153.60000      451.187      133.797    0.0137804
       154.40000      451.187      133.797    0.0137804
       155.20000      451.187      133.797    0.0137804
       156.00000      451.187      133.797    0.0137804
       156.80000      451.187      133.797    0.0137804
       157.60000      451.187      133.797    0.0137804
       158.40000      451.187      133.797    0.0137804
       159.20000      451.187      133.797    0.0137804
       160.00000      451.187      133.797    0.0137804
       160.80000      451.187      133.797    0.0137804
       161.60000      451.187      133.797    0.0137804
       162.40000      451.187      133.797    0.0137804
       163.20000      451.187      133.797    0.0137804
       164.00000      451.187      133.797    0.0137804
       164.80000      451.187      133.797    0.0137804
       165.60000      451.187      133.797    0.0137804
       166.40000      451.187      133.797    0.0137804
       167.20000      451.187      133.797    0.0137804
       168.00000      451.187      133.797    0.0137804
       168.80000      451.187      133.797    0.0137804
       169.60000      451.187      133.797    0.0137804
       170.40000      451.187      133.797    0.0137804
       171.20000      451.187      133.797    0.0137804
       172.00000      451.187      133.797    0.0137804
       172.80000      451.187      133.797    0.0137804
       173.60000      451.187      133.797    0.0137804
       174.40000      451.188      133.798    0.0137804
       175.20000      451.188      133.798    0.0137804
       176.00000      451.188      133.798    0.0137804
       176.80000      451.188      133.798    0.0137804
       177.60000      451.188      133.798    0.0137804
       178.40000      451.188      133.798    0.0137804
       179.20000      451.188      133.798    0.0137804
       180.00000      451.188      133.798    0.0137804
       180.80000      451.188      133.798    0.0137804
       181.60000      451.188      133.798    0.0137804
       182.40000      451.188      133.798    0.0137804
       183.20000      451.188      133.798    0.0137804
       184.00000      451.188      133.798    0.0137804
       184.80000      451.188      133.798    0.0137804
       185.60000      451.188      133.798    0.0137804
       186.40000      451.188      133.798    0.0137804
       187.20000      451.188      133.798    0.0137804
       188.00000      451.188      133.798    0.0137804
       188.80000      451.188      133.798    0.0137804
       189.60000      451.188      133.798    0.0137804
       190.40000      451.188      133.798    0.0137804
       191.20000      451.188      133.798    0.0137804
       192.00000      451.188      133.798    0.0137804
       192.80000      451.188      133.798    0.0137804
       193.60000      451.188      133.798    0.0137804
       194.40000      451.188      133.798    0.0137804
       195.20000      451.188      133.798    0.0137804
       196.00000      451.188      133.798    0.0137804
       196.80000      451.188      133.798    0.0137804
       197.60000      451.188      133.798    0.0137804
       198.40000      451.188      133.798    0.0137804
       199.20000      451.188      133.798    0.0137804
       200.00000      451.188      133.798    0.0137804
       200.80000      451.188      133.797    0.0137804
       201.60000      451.188      133.797    0.0137804
       202.40000      451.188      133.797    0.0137804
       203.20000      451.188      133.797    0.0137804
       204.00000      451.188      133.797    0.0137804
       204.80000      451.188      133.797    0.0137804
       205.60000      451.188      133.797    0.0137804
       206.40000      451.188      133.798    0.0137804
       207.20000      451.188      133.798    0.0137804
       208.00000      451.188      133.798    0.0137804
       208.80000      451.188      133.798    0.0137804
       209.60000      451.188      133.798    0.0137804
       210.40000      451.188      133.798    0.0137804
       211.20000      451.188      133.798    0.0137804
       212.00000      451.188      133.798    0.0137804
       212.80000      451.188      133.798    0.0137804
       213.60000      451.188      133.798    0.0137804
       214.40000      451.188      133.798    0.0137804
       215.20000      451.188      133.798    0.0137804
       216.00000      451.188      133.798    0.0137804
       216.80000      451.188      133.798    0.0137804
       217.60000      451.188      133.798    0.0137804
       218.40000      451.188      133.798    0.0137804
       219.20000      451.188      133.798    0.0137804
       220.00000      451.188      133.798    0.0137804
       220.80000      451.188      133.798    0.0137804
       221.60000      451.188      133.798    0.0137804
       222.40000      451.188      133.798    0.0137804
       223.20000      451.188      133.798    0.0137804
       224.00000      451.188      133.798    0.0137804
       224.80000      451.188      133.798    0.0137804
       225.60000      451.188      133.798    0.0137804
       226.40000      451.188      133.798    0.0137804
       227.20000      451.188      133.798    0.0137804
       228.00000      451.188      133.798    0.0137804
       228.80000      451.188      133.797    0.0137804
       229.60000      451.188      133.797    0.0137804
       230.40000      451.188      133.797    0.0137804
       231.20000      451.188      133.797    0.0137804
       232.00000      451.188      133.797    0.0137804
       232.80000      451.189      133.798    0.0137804
       233.60000      451.189      133.798    0.0137804
       234.40000      451.189      133.798    0.0137804
       235.20000      451.189      133.798    0.0137804
       236.00000      451.189      133.798    0.0137804
       236.80000      451.189      133.798    0.0137804
       237.60000      451.189      133.798    0.0137804
       238.40000      451.189      133.798    0.0137804
       239.20000      451.189      133.798    0.0137804
       240.00000      451.189      133.798    0.0137804
       240.80000      451.189      133.798    0.0137804
       241.60000      451.189      133.798    0.0137804
       242.40000      451.189      133.798    0.0137804
       243.20000      451.189      133.798    0.0137804
       244.00000      451.189      133.798    0.0137804
       244.80000      451.188      133.798    0.0137804
       245.60000      451.189      133.798    0.0137804
       246.40000      451.188      133.798    0.0137804
       247.20000      451.189      133.798    0.0137804
       248.00000      451.189      133.798    0.0137804
       248.80000      451.189      133.798    0.0137804
       249.60000      451.189      133.798    0.0137804
       250.40000      451.189      133.798    0.0137804
       251.20000      451.189      133.798    0.0137804
       252.00000      451.189      133.798    0.0137804
       252.80000      451.189      133.798    0.0137804
       253.60000      451.189      133.798    0.0137804
       254.40000      451.189      133.798    0.0137804
       255.20000      451.189      133.798    0.0137804
       256.00000      451.189      133.798    0.0137804
       256.80000      451.189      133.798    0.0137804
       257.60000      451.189      133.798    0.0137804
       258.40000      451.189      133.798    0.0137804
       259.20000      451.189      133.798    0.0137804
       260.00000      451.189      133.798    0.0137804
       260.80000      451.189      133.798    0.0137804
       261.60000      451.189      133.798    0.0137804
       262.40000      451.189      133.798    0.0137804
       263.20000      451.189      133.798    0.0137804
       264.00000      451.189      133.798    0.0137804
       264.80000      451.189      133.798    0.0137804
       265.60000      451.189      133.798    0.0137804
       266.40000      451.189      133.798    0.0137804
       267.20000      451.189      133.798    0.0137804
       268.00000      451.189      133.798    0.0137804
       268.80000      451.189      133.798    0.0137804
       269.60000      451.189      133.798    0.0137804
       270.40000      451.189      133.798    0.0137804
       271.20000      451.189      133.798    0.0137804
       272.00000      451.189      133.798    0.0137804
       272.80000      451.189      133.798    0.0137804
       273.60000      451.189      133.798    0.0137804
       274.40000      451.189      133.798    0.0137804
       275.20000      451.189      133.798    0.0137804
       276.00000      451.189      133.798    0.0137804
       276.80000      451.189      133.798    0.0137804
       277.60000      451.189      133.798    0.0137804
       278.40000      451.189      133.798    0.0137804
       279.20000      451.189      133.798    0.0137804
       280.00000      451.189      133.798    0.0137804
       280.80000      451.189      133.798    0.0137804
       281.60000      451.189      133.798    0.0137804
       282.40000      451.189      133.798    0.0137804
       283.20000      451.189      133.798    0.0137804
       284.00000      451.189      133.798    0.0137804
       284.80000      451.189      133.798    0.0137804
       285.60000      451.189      133.798    0.0137804
       286.40000      451.189      133.798    0.0137804
       287.20000      451.189      133.798    0.0137804
       288.00000      451.189      133.798    0.0137804
       288.80000      451.189      133.798    0.0137804
       289.60000      451.189      133.798    0.0137804
       290.40000      451.189      133.798    0.0137804
       291.20000      451.189      133.798    0.0137804
       292.00000      451.189      133.798    0.0137804
       292.80000      451.189      133.798    0.0137804
       293.60000      451.189      133.798    0.0137804
       294.40000      451.189      133.798    0.0137804
       295.20000      451.189      133.798    0.0137804
       296.00000      451.189      133.798    0.0137804
       296.80000      451.189      133.798    0.0137804
       297.60000      451.189      133.798    0.0137804
       298.40000      451.189      133.798    0.0137804
       299.20000      451.189      133.798    0.0137804
       300.00000      451.189      133.798    0.0137804
