       0.0000000      1735.25      34.4583  0.000102170
      0.80000000      1735.25      34.4583  0.000102170
       1.6000000      1735.25      34.4583  0.000102170
       2.4000000      1735.25      34.4583  0.000102170
       3.2000000      1735.25      34.4583  0.000102170
       4.0000000      1735.25      34.4583  0.000102170
       4.8000000      1735.25      34.4583  0.000102170
       5.6000000      1735.25      34.4583  0.000102170
       6.4000000      1735.25      34.4583  0.000102170
       7.2000000      1735.25      34.4583  0.000102170
       8.0000000      1735.25      34.4583  0.000102170
       8.8000000      1735.25      34.4583  0.000102170
       9.6000000      1735.25      34.4583  0.000102170
       10.400000      1735.25      34.4583  0.000102170
       11.200000      1735.25      34.4583  0.000102170
       12.000000      1735.25      34.4583  0.000102170
       12.800000      1735.25      34.4583  0.000102170
       13.600000      1735.25      34.4583  0.000102170
       14.400000      1735.25      34.4583  0.000102170
       15.200000      1735.25      34.4583  0.000102170
       16.000000      1735.25      34.4583  0.000102170
       16.800000      1735.25      34.4583  0.000102170
       17.600000      1735.25      34.4583  0.000102170
       18.400000      1735.25      34.4583  0.000102170
       19.200000      1735.25      34.4583  0.000102170
       20.000000      1735.25      34.4583  0.000102170
       20.800000      1735.25      34.4583  0.000102170
       21.600000      1735.25      34.4583  0.000102170
       22.400000      1735.25      34.4583  0.000102170
       23.200000      1735.25      34.4583  0.000102170
       24.000000      1735.25      34.4583  0.000102170
       24.800000      1735.25      34.4583  0.000102170
       25.600000      1735.25      34.4583  0.000102170
       26.400000      1735.25      34.4583  0.000102170
       27.200000      1735.25      34.4583  0.000102171
       28.000000      1735.25      34.4583  0.000102171
       28.800000      1735.25      34.4583  0.000102201
       29.600000      1735.25      34.4583  0.000102564
       30.400000      1735.25      34.4583  0.000104990
       31.200000      1735.25      34.4584  0.000118453
       32.000000      1735.24      34.4521  0.000161294
       32.800000      1735.21      34.4643  0.000258172
       33.600000      1735.17      34.4837  0.000433539
       34.400000      1735.03      34.5915  0.000694506
       35.200000      1734.80      34.8130   0.00104507
       36.000000      1734.21      35.3865   0.00148998
       36.800000      1733.29      36.5229   0.00202843
       37.600000      1731.69      37.7410   0.00265102
       38.400000      1728.94      41.5606   0.00335186
       39.200000      1725.77      46.0890   0.00413149
       40.000000      1720.76      53.5207   0.00498018
       40.800000      1713.53      64.4099   0.00588663
       41.600000      1704.15      77.1133   0.00684730
       42.400000      1692.66      91.3151   0.00784852
       43.200000      1677.93      107.644   0.00888838
       44.000000      1662.49      121.339   0.00995271
       44.800000      1643.44      138.331    0.0110275
       45.600000      1622.41      152.760    0.0121112
       46.400000      1601.10      167.200    0.0131989
       47.200000      1576.81      181.062    0.0142420
       48.000000      1550.91      194.399    0.0152565
       48.800000      1523.38      206.363    0.0162796
       49.600000      1492.22      219.670    0.0172850
       50.400000      1461.58      231.575    0.0182027
       51.200000      1432.20      240.966    0.0190112
       52.000000      1403.72      248.800    0.0197616
       52.800000      1376.43      257.099    0.0204677
       53.600000      1349.04      263.239    0.0210710
       54.400000      1318.71      270.633    0.0216377
       55.200000      1292.62      273.153    0.0223406
       56.000000      1265.74      274.312    0.0229037
       56.800000      1241.82      275.119    0.0232933
       57.600000      1217.97      276.080    0.0237584
       58.400000      1194.98      276.151    0.0244502
       59.200000      1170.89      277.266    0.0250154
       60.000000      1147.47      277.111    0.0254642
       60.800000      1126.65      276.528    0.0260352
       61.600000      1106.61      276.863    0.0266544
       62.400000      1086.18      276.491    0.0271510
       63.200000      1065.58      275.584    0.0276386
       64.000000      1046.57      273.978    0.0282993
       64.800000      1026.39      270.749    0.0288980
       65.600000      1008.32      268.569    0.0294541
       66.400000      991.338      266.523    0.0299355
       67.200000      975.162      265.634    0.0305310
       68.000000      959.044      263.417    0.0310618
       68.800000      943.745      261.335    0.0316414
       69.600000      930.331      259.575    0.0320804
       70.400000      915.733      257.297    0.0325901
       71.200000      900.691      254.449    0.0331216
       72.000000      885.783      251.286    0.0337936
       72.800000      871.678      248.042    0.0342970
       73.600000      857.214      245.641    0.0348618
       74.400000      844.480      243.440    0.0354191
       75.200000      831.466      240.421    0.0360858
       76.000000      818.767      236.969    0.0365381
       76.800000      807.156      234.254    0.0370948
       77.600000      794.956      230.926    0.0376567
       78.400000      783.639      227.938    0.0383100
       79.200000      771.953      224.580    0.0388080
       80.000000      759.935      221.638    0.0394066
       80.800000      749.041      219.509    0.0400735
       81.600000      737.900      217.096    0.0407204
       82.400000      728.195      215.364    0.0411987
       83.200000      718.827      212.873    0.0417073
       84.000000      709.213      210.968    0.0423018
       84.800000      698.873      208.234    0.0429903
       85.600000      689.754      206.206    0.0436122
       86.400000      680.569      204.080    0.0441340
       87.200000      671.200      200.646    0.0447112
       88.000000      662.748      198.476    0.0453749
       88.800000      654.586      196.687    0.0459151
       89.600000      644.905      193.616    0.0464459
       90.400000      637.003      191.144    0.0471711
       91.200000      628.443      189.472    0.0478254
       92.000000      620.199      186.994    0.0483561
       92.800000      611.691      183.044    0.0490083
       93.600000      604.360      181.455    0.0497312
       94.400000      597.106      180.087    0.0502916
       95.200000      589.688      177.455    0.0507882
       96.000000      582.440      175.464    0.0514279
       96.800000      575.634      173.366    0.0521869
       97.600000      568.474      170.469    0.0527459
       98.400000      561.980      168.267    0.0532006
       99.200000      555.243      165.876    0.0538322
       100.00000      548.557      163.494    0.0545774
       100.80000      542.098      161.384    0.0552051
       101.60000      536.256      160.209    0.0556800
       102.40000      530.055      158.159    0.0563189
       103.20000      524.178      156.139    0.0570710
       104.00000      518.028      153.766    0.0576985
       104.80000      512.187      151.581    0.0582016
       105.60000      506.857      149.773    0.0588275
       106.40000      500.915      147.454    0.0595334
       107.20000      496.223      145.933    0.0602144
       108.00000      491.010      144.250    0.0605744
       108.80000      485.737      142.846    0.0612041
       109.60000      480.714      141.396    0.0620704
       110.40000      475.711      139.506    0.0627718
       111.20000      471.171      138.566    0.0630258
       112.00000      466.211      136.595    0.0636751
       112.80000      461.446      134.358    0.0645628
       113.60000      456.748      132.754    0.0652715
       114.40000      452.135      130.693    0.0655037
       115.20000      447.819      129.372    0.0661934
       116.00000      442.872      127.519    0.0670596
       116.80000      438.807      126.533    0.0678536
       117.60000      434.911      125.133    0.0680807
       118.40000      430.926      123.888    0.0686728
       119.20000      427.289      122.978    0.0695253
       120.00000      423.320      121.533    0.0702723
       120.80000      419.449      119.954    0.0704769
       121.60000      415.332      118.514    0.0710929
       122.40000      411.040      116.916    0.0720880
       123.20000      407.324      115.377    0.0729350
       124.00000      403.607      113.976    0.0730795
       124.80000      399.950      112.291    0.0736278
       125.60000      396.503      111.006    0.0746243
       126.40000      393.014      110.370    0.0753831
       127.20000      389.579      109.352    0.0756246
       128.00000      386.278      108.270    0.0762889
       128.80000      382.712      107.042    0.0772799
       129.60000      379.572      105.604    0.0779797
       130.40000      376.334      104.477    0.0781294
       131.20000      373.213      103.426    0.0787962
       132.00000      369.981      101.965    0.0798239
       132.80000      366.739      100.344    0.0804589
       133.60000      363.409      99.0909    0.0806674
       134.40000      360.683      98.4946    0.0814391
       135.20000      357.565      97.0649    0.0824361
       136.00000      354.811      96.3165    0.0829711
       136.80000      351.708      95.1062    0.0832055
       137.60000      349.009      93.9681    0.0840679
       138.40000      346.328      93.4933    0.0850191
       139.20000      343.566      92.5722    0.0855159
       140.00000      340.752      92.0122    0.0858869
       140.80000      338.350      91.2893    0.0868564
       141.60000      335.684      90.6374    0.0877066
       142.40000      333.206      90.0001    0.0880887
       143.20000      330.796      89.1239    0.0884894
       144.00000      328.478      88.3020    0.0894153
       144.80000      325.963      87.1699    0.0901786
       145.60000      323.520      86.0717    0.0905721
       146.40000      320.949      85.0148    0.0910433
       147.20000      318.611      84.0477    0.0920163
       148.00000      316.417      83.4250    0.0927806
       148.80000      314.191      82.6384    0.0930732
       149.60000      312.040      81.8749    0.0934927
       150.40000      309.616      81.0373    0.0944770
       151.20000      307.097      80.1105    0.0954412
       152.00000      304.741      79.1664    0.0959060
       152.80000      302.635      78.3437    0.0963560
       153.60000      300.512      77.7474    0.0971423
       154.40000      298.064      76.8584    0.0981287
       155.20000      295.796      75.8137    0.0987252
       156.00000      293.620      74.7594    0.0991583
       156.80000      291.588      74.2671    0.0999305
       157.60000      289.701      73.4923     0.100878
       158.40000      287.617      72.3900     0.101336
       159.20000      285.652      71.8637     0.101717
       160.00000      283.817      71.3146     0.102652
       160.80000      282.032      70.8615     0.103525
       161.60000      280.047      70.2741     0.103936
       162.40000      278.109      69.6517     0.104452
       163.20000      276.246      68.7992     0.105457
       164.00000      274.615      68.4497     0.106184
       164.80000      272.822      67.9677     0.106524
       165.60000      271.313      67.3698     0.107089
       166.40000      269.499      66.8807     0.108025
       167.20000      267.935      66.4854     0.108729
       168.00000      266.146      65.7872     0.109157
       168.80000      264.484      65.0798     0.109711
       169.60000      262.871      64.5422     0.110666
       170.40000      261.208      64.0102     0.111366
       171.20000      259.485      63.2977     0.111824
       172.00000      257.917      62.8796     0.112414
       172.80000      256.510      62.4212     0.113396
       173.60000      255.130      62.0596     0.113924
       174.40000      253.509      61.5092     0.114310
       175.20000      251.909      61.0350     0.115067
       176.00000      250.410      60.5264     0.116202
       176.80000      248.783      60.0388     0.116687
       177.60000      247.305      59.3329     0.117113
       178.40000      245.863      58.7465     0.117819
       179.20000      244.334      58.3206     0.118825
       180.00000      242.835      57.7851     0.119402
       180.80000      241.396      57.2726     0.119940
       181.60000      240.081      56.8453     0.120641
       182.40000      238.651      56.3726     0.121534
       183.20000      237.226      55.8464     0.122097
       184.00000      235.962      55.5920     0.122723
       184.80000      234.418      54.9206     0.123408
       185.60000      233.062      54.3924     0.124333
       186.40000      231.632      53.9725     0.124956
       187.20000      230.370      53.6595     0.125600
       188.00000      229.086      53.2845     0.126265
       188.80000      227.770      52.7845     0.127081
       189.60000      226.453      52.2378     0.127699
       190.40000      225.190      51.9417     0.128394
       191.20000      223.882      51.4642     0.129125
       192.00000      222.784      51.2310     0.129901
       192.80000      221.628      50.8615     0.130404
       193.60000      220.441      50.4415     0.131012
       194.40000      219.265      50.1018     0.131749
       195.20000      218.152      49.8092     0.132551
       196.00000      216.993      49.3705     0.133119
       196.80000      215.822      48.9810     0.133744
       197.60000      214.694      48.5747     0.134445
       198.40000      213.563      48.2535     0.135264
       199.20000      212.520      47.9301     0.135886
       200.00000      211.358      47.6720     0.136501
       200.80000      210.302      47.3136     0.137274
       201.60000      209.212      46.9365     0.138064
       202.40000      208.110      46.5879     0.138621
       203.20000      207.106      46.2508     0.139260
       204.00000      206.095      45.9963     0.139995
       204.80000      205.115      45.7470     0.140726
       205.60000      204.146      45.4008     0.141269
       206.40000      203.109      45.1828     0.141707
       207.20000      202.027      44.7416     0.142077
       208.00000      201.061      44.4607     0.142012
       208.80000      200.111      44.2519     0.141002
       209.60000      199.260      44.0784     0.139224
       210.40000      198.430      43.8864     0.136819
       211.20000      197.509      43.6049     0.133592
       212.00000      196.732      43.2348     0.129327
       212.80000      195.981      43.0551     0.124095
       213.60000      195.255      42.8703     0.118261
       214.40000      194.574      42.6742     0.111837
       215.20000      193.987      42.4898     0.104590
       216.00000      193.422      42.3232    0.0966808
       216.80000      192.982      42.2025    0.0886592
       217.60000      192.589      42.1291    0.0805138
       218.40000      192.324      42.0939    0.0721556
       219.20000      192.052      42.0255    0.0637886
       220.00000      191.876      42.0058    0.0560461
       220.80000      191.730      41.9908    0.0489142
       221.60000      191.631      41.9669    0.0423476
       222.40000      191.554      41.9542    0.0366335
       223.20000      191.500      41.9429    0.0323220
       224.00000      191.468      41.9388    0.0291446
       224.80000      191.449      41.9381    0.0267087
       225.60000      191.436      41.9292    0.0251603
       226.40000      191.429      41.9287    0.0243429
       227.20000      191.427      41.9292    0.0239455
       228.00000      191.427      41.9291    0.0237502
       228.80000      191.426      41.9292    0.0236731
       229.60000      191.426      41.9292    0.0236553
       230.40000      191.426      41.9292    0.0236498
       231.20000      191.426      41.9292    0.0236479
       232.00000      191.426      41.9292    0.0236481
       232.80000      191.426      41.9292    0.0236481
       233.60000      191.426      41.9292    0.0236481
       234.40000      191.426      41.9292    0.0236481
       235.20000      191.426      41.9292    0.0236481
       236.00000      191.426      41.9292    0.0236481
       236.80000      191.426      41.9292    0.0236481
       237.60000      191.426      41.9292    0.0236482
       238.40000      191.426      41.9292    0.0236481
       239.20000      191.426      41.9292    0.0236481
       240.00000      191.426      41.9292    0.0236482
       240.80000      191.426      41.9293    0.0236481
       241.60000      191.426      41.9293    0.0236481
       242.40000      191.426      41.9293    0.0236481
       243.20000      191.426      41.9293    0.0236481
       244.00000      191.426      41.9293    0.0236481
       244.80000      191.426      41.9293    0.0236481
       245.60000      191.426      41.9293    0.0236481
       246.40000      191.426      41.9292    0.0236481
       247.20000      191.426      41.9292    0.0236482
       248.00000      191.426      41.9292    0.0236482
       248.80000      191.426      41.9292    0.0236482
       249.60000      191.426      41.9292    0.0236482
       250.40000      191.426      41.9292    0.0236481
       251.20000      191.426      41.9293    0.0236482
       252.00000      191.426      41.9293    0.0236481
       252.80000      191.426      41.9293    0.0236481
       253.60000      191.426      41.9293    0.0236481
       254.40000      191.426      41.9293    0.0236481
       255.20000      191.426      41.9293    0.0236482
       256.00000      191.426      41.9293    0.0236482
       256.80000      191.426      41.9293    0.0236481
       257.60000      191.426      41.9293    0.0236481
       258.40000      191.426      41.9293    0.0236481
       259.20000      191.426      41.9293    0.0236482
       260.00000      191.426      41.9293    0.0236481
       260.80000      191.426      41.9293    0.0236482
       261.60000      191.426      41.9293    0.0236482
       262.40000      191.426      41.9293    0.0236482
       263.20000      191.426      41.9293    0.0236482
       264.00000      191.426      41.9293    0.0236482
       264.80000      191.426      41.9293    0.0236482
       265.60000      191.426      41.9293    0.0236482
       266.40000      191.426      41.9293    0.0236482
       267.20000      191.426      41.9293    0.0236482
       268.00000      191.426      41.9293    0.0236482
       268.80000      191.426      41.9293    0.0236482
       269.60000      191.426      41.9293    0.0236482
       270.40000      191.426      41.9293    0.0236482
       271.20000      191.426      41.9293    0.0236482
       272.00000      191.426      41.9293    0.0236482
       272.80000      191.426      41.9293    0.0236482
       273.60000      191.426      41.9293    0.0236482
       274.40000      191.426      41.9293    0.0236482
       275.20000      191.426      41.9293    0.0236482
       276.00000      191.426      41.9293    0.0236482
       276.80000      191.426      41.9293    0.0236482
       277.60000      191.426      41.9293    0.0236482
       278.40000      191.426      41.9293    0.0236482
       279.20000      191.426      41.9293    0.0236482
       280.00000      191.426      41.9293    0.0236482
       280.80000      191.426      41.9293    0.0236482
       281.60000      191.426      41.9293    0.0236482
       282.40000      191.426      41.9293    0.0236482
       283.20000      191.426      41.9293    0.0236482
       284.00000      191.426      41.9293    0.0236482
       284.80000      191.426      41.9293    0.0236482
       285.60000      191.426      41.9293    0.0236482
       286.40000      191.426      41.9293    0.0236482
       287.20000      191.426      41.9293    0.0236482
       288.00000      191.426      41.9293    0.0236482
       288.80000      191.426      41.9293    0.0236482
       289.60000      191.426      41.9293    0.0236482
       290.40000      191.426      41.9293    0.0236482
       291.20000      191.426      41.9293    0.0236482
       292.00000      191.426      41.9293    0.0236482
       292.80000      191.426      41.9293    0.0236482
       293.60000      191.426      41.9293    0.0236482
       294.40000      191.426      41.9293    0.0236482
       295.20000      191.426      41.9293    0.0236482
       296.00000      191.426      41.9293    0.0236482
       296.80000      191.426      41.9293    0.0236482
       297.60000      191.426      41.9293    0.0236482
       298.40000      191.426      41.9293    0.0236482
       299.20000      191.426      41.9293    0.0236482
       300.00000      191.426      41.9293    0.0236482
       300.80000      191.426      41.9293    0.0236482
       301.60000      191.426      41.9293    0.0236482
       302.40000      191.426      41.9293    0.0236482
       303.20000      191.426      41.9293    0.0236482
       304.00000      191.426      41.9293    0.0236482
       304.80000      191.426      41.9293    0.0236482
       305.60000      191.426      41.9293    0.0236482
       306.40000      191.426      41.9293    0.0236482
       307.20000      191.426      41.9293    0.0236482
       308.00000      191.426      41.9293    0.0236482
       308.80000      191.426      41.9293    0.0236482
       309.60000      191.426      41.9293    0.0236482
       310.40000      191.426      41.9293    0.0236482
       311.20000      191.426      41.9293    0.0236482
       312.00000      191.426      41.9293    0.0236482
       312.80000      191.426      41.9293    0.0236482
       313.60000      191.426      41.9293    0.0236482
       314.40000      191.426      41.9293    0.0236482
       315.20000      191.426      41.9293    0.0236482
       316.00000      191.426      41.9293    0.0236482
       316.80000      191.426      41.9293    0.0236482
       317.60000      191.426      41.9293    0.0236482
       318.40000      191.426      41.9293    0.0236482
       319.20000      191.426      41.9293    0.0236482
       320.00000      191.426      41.9293    0.0236482
       320.80000      191.426      41.9293    0.0236482
       321.60000      191.426      41.9293    0.0236482
       322.40000      191.426      41.9293    0.0236482
       323.20000      191.426      41.9293    0.0236482
       324.00000      191.426      41.9293    0.0236482
       324.80000      191.426      41.9293    0.0236482
       325.60000      191.426      41.9293    0.0236482
       326.40000      191.426      41.9293    0.0236482
       327.20000      191.426      41.9293    0.0236482
       328.00000      191.426      41.9293    0.0236482
       328.80000      191.426      41.9293    0.0236482
       329.60000      191.426      41.9293    0.0236482
       330.40000      191.426      41.9293    0.0236482
       331.20000      191.426      41.9293    0.0236482
       332.00000      191.426      41.9293    0.0236482
       332.80000      191.426      41.9293    0.0236482
       333.60000      191.426      41.9293    0.0236482
       334.40000      191.426      41.9293    0.0236482
       335.20000      191.426      41.9293    0.0236482
       336.00000      191.426      41.9293    0.0236482
       336.80000      191.426      41.9293    0.0236482
       337.60000      191.426      41.9293    0.0236482
       338.40000      191.426      41.9293    0.0236482
       339.20000      191.426      41.9293    0.0236482
       340.00000      191.426      41.9293    0.0236482
       340.80000      191.426      41.9293    0.0236482
       341.60000      191.426      41.9293    0.0236482
       342.40000      191.426      41.9293    0.0236482
       343.20000      191.426      41.9293    0.0236482
       344.00000      191.426      41.9293    0.0236482
       344.80000      191.426      41.9293    0.0236482
       345.60000      191.426      41.9293    0.0236482
       346.40000      191.426      41.9293    0.0236482
       347.20000      191.426      41.9293    0.0236482
       348.00000      191.426      41.9293    0.0236482
       348.80000      191.426      41.9293    0.0236482
       349.60000      191.426      41.9293    0.0236482
       350.40000      191.426      41.9293    0.0236482
       351.20000      191.426      41.9293    0.0236482
       352.00000      191.426      41.9293    0.0236482
       352.80000      191.426      41.9293    0.0236482
       353.60000      191.426      41.9293    0.0236482
       354.40000      191.426      41.9293    0.0236482
       355.20000      191.426      41.9293    0.0236482
       356.00000      191.426      41.9293    0.0236482
       356.80000      191.426      41.9293    0.0236482
       357.60000      191.426      41.9293    0.0236482
       358.40000      191.426      41.9293    0.0236482
       359.20000      191.426      41.9293    0.0236482
       360.00000      191.426      41.9293    0.0236482
       360.80000      191.426      41.9293    0.0236482
       361.60000      191.426      41.9293    0.0236482
       362.40000      191.426      41.9293    0.0236482
       363.20000      191.426      41.9293    0.0236482
       364.00000      191.426      41.9293    0.0236482
       364.80000      191.426      41.9293    0.0236482
       365.60000      191.426      41.9293    0.0236482
       366.40000      191.426      41.9293    0.0236482
       367.20000      191.426      41.9293    0.0236482
       368.00000      191.426      41.9293    0.0236482
       368.80000      191.426      41.9293    0.0236482
       369.60000      191.426      41.9293    0.0236482
       370.40000      191.426      41.9293    0.0236482
       371.20000      191.426      41.9293    0.0236482
       372.00000      191.426      41.9293    0.0236482
       372.80000      191.426      41.9293    0.0236482
       373.60000      191.426      41.9293    0.0236482
       374.40000      191.426      41.9293    0.0236482
       375.20000      191.426      41.9293    0.0236482
       376.00000      191.426      41.9293    0.0236482
       376.80000      191.426      41.9293    0.0236482
       377.60000      191.426      41.9293    0.0236482
       378.40000      191.426      41.9293    0.0236482
       379.20000      191.426      41.9293    0.0236482
       380.00000      191.426      41.9293    0.0236482
       380.80000      191.426      41.9293    0.0236482
       381.60000      191.426      41.9293    0.0236482
       382.40000      191.426      41.9293    0.0236482
       383.20000      191.426      41.9293    0.0236482
       384.00000      191.426      41.9293    0.0236482
       384.80000      191.426      41.9293    0.0236482
       385.60000      191.426      41.9293    0.0236482
       386.40000      191.426      41.9293    0.0236482
       387.20000      191.426      41.9293    0.0236482
       388.00000      191.426      41.9293    0.0236482
       388.80000      191.426      41.9293    0.0236482
       389.60000      191.426      41.9293    0.0236482
       390.40000      191.426      41.9293    0.0236482
       391.20000      191.426      41.9293    0.0236482
       392.00000      191.426      41.9293    0.0236482
       392.80000      191.426      41.9293    0.0236482
       393.60000      191.426      41.9293    0.0236482
       394.40000      191.426      41.9293    0.0236482
       395.20000      191.426      41.9293    0.0236482
       396.00000      191.426      41.9293    0.0236482
       396.80000      191.426      41.9293    0.0236482
       397.60000      191.426      41.9293    0.0236482
       398.40000      191.426      41.9293    0.0236482
       399.20000      191.426      41.9293    0.0236482
       400.00000      191.426      41.9293    0.0236482
       400.80000      191.426      41.9293    0.0236482
       401.60000      191.426      41.9293    0.0236482
       402.40000      191.426      41.9293    0.0236482
       403.20000      191.426      41.9293    0.0236482
       404.00000      191.426      41.9293    0.0236482
       404.80000      191.426      41.9293    0.0236482
       405.60000      191.426      41.9293    0.0236482
       406.40000      191.426      41.9293    0.0236482
       407.20000      191.426      41.9293    0.0236482
       408.00000      191.426      41.9293    0.0236482
       408.80000      191.426      41.9293    0.0236482
       409.60000      191.426      41.9293    0.0236482
       410.40000      191.426      41.9293    0.0236482
       411.20000      191.426      41.9293    0.0236482
       412.00000      191.426      41.9293    0.0236482
       412.80000      191.426      41.9293    0.0236482
       413.60000      191.426      41.9293    0.0236482
       414.40000      191.426      41.9293    0.0236482
       415.20000      191.426      41.9293    0.0236482
       416.00000      191.426      41.9293    0.0236482
       416.80000      191.426      41.9293    0.0236482
       417.60000      191.426      41.9293    0.0236482
       418.40000      191.426      41.9293    0.0236482
       419.20000      191.426      41.9293    0.0236482
       420.00000      191.426      41.9293    0.0236482
       420.80000      191.426      41.9293    0.0236482
       421.60000      191.426      41.9293    0.0236482
       422.40000      191.426      41.9293    0.0236482
       423.20000      191.426      41.9293    0.0236482
       424.00000      191.426      41.9293    0.0236482
       424.80000      191.426      41.9293    0.0236482
       425.60000      191.426      41.9293    0.0236482
       426.40000      191.426      41.9293    0.0236482
       427.20000      191.426      41.9293    0.0236482
       428.00000      191.426      41.9293    0.0236482
       428.80000      191.426      41.9293    0.0236482
       429.60000      191.426      41.9293    0.0236482
       430.40000      191.426      41.9293    0.0236482
       431.20000      191.426      41.9293    0.0236482
       432.00000      191.426      41.9293    0.0236482
       432.80000      191.426      41.9293    0.0236482
       433.60000      191.426      41.9293    0.0236482
       434.40000      191.426      41.9293    0.0236482
       435.20000      191.426      41.9293    0.0236482
       436.00000      191.426      41.9293    0.0236482
       436.80000      191.426      41.9293    0.0236482
       437.60000      191.426      41.9293    0.0236482
       438.40000      191.426      41.9293    0.0236482
       439.20000      191.426      41.9293    0.0236482
       440.00000      191.426      41.9293    0.0236482
       440.80000      191.426      41.9293    0.0236482
       441.60000      191.426      41.9293    0.0236482
       442.40000      191.426      41.9293    0.0236482
       443.20000      191.426      41.9293    0.0236482
       444.00000      191.426      41.9293    0.0236482
       444.80000      191.427      41.9293    0.0236482
       445.60000      191.426      41.9293    0.0236482
       446.40000      191.426      41.9293    0.0236482
       447.20000      191.426      41.9293    0.0236482
       448.00000      191.426      41.9293    0.0236482
       448.80000      191.426      41.9293    0.0236482
       449.60000      191.426      41.9293    0.0236482
       450.40000      191.426      41.9293    0.0236482
       451.20000      191.426      41.9293    0.0236482
       452.00000      191.426      41.9293    0.0236482
       452.80000      191.426      41.9293    0.0236482
       453.60000      191.426      41.9293    0.0236482
       454.40000      191.427      41.9293    0.0236482
       455.20000      191.427      41.9293    0.0236482
       456.00000      191.427      41.9293    0.0236482
       456.80000      191.427      41.9293    0.0236482
       457.60000      191.427      41.9293    0.0236482
       458.40000      191.427      41.9293    0.0236482
       459.20000      191.427      41.9293    0.0236482
       460.00000      191.427      41.9293    0.0236482
       460.80000      191.427      41.9293    0.0236482
       461.60000      191.427      41.9293    0.0236482
       462.40000      191.427      41.9293    0.0236482
       463.20000      191.427      41.9293    0.0236482
       464.00000      191.427      41.9293    0.0236482
       464.80000      191.427      41.9293    0.0236482
       465.60000      191.427      41.9293    0.0236482
       466.40000      191.427      41.9293    0.0236482
       467.20000      191.427      41.9293    0.0236482
       468.00000      191.427      41.9293    0.0236482
       468.80000      191.427      41.9293    0.0236482
       469.60000      191.427      41.9293    0.0236482
       470.40000      191.427      41.9293    0.0236482
       471.20000      191.426      41.9293    0.0236482
       472.00000      191.426      41.9293    0.0236482
       472.80000      191.426      41.9293    0.0236482
       473.60000      191.426      41.9293    0.0236482
       474.40000      191.426      41.9293    0.0236482
       475.20000      191.426      41.9293    0.0236482
       476.00000      191.426      41.9293    0.0236482
       476.80000      191.426      41.9293    0.0236482
       477.60000      191.426      41.9293    0.0236482
       478.40000      191.426      41.9293    0.0236482
       479.20000      191.427      41.9293    0.0236482
       480.00000      191.427      41.9293    0.0236482
       480.80000      191.427      41.9293    0.0236482
       481.60000      191.426      41.9293    0.0236482
       482.40000      191.426      41.9293    0.0236482
       483.20000      191.426      41.9293    0.0236482
       484.00000      191.426      41.9293    0.0236482
       484.80000      191.426      41.9293    0.0236482
       485.60000      191.426      41.9293    0.0236482
       486.40000      191.426      41.9293    0.0236482
       487.20000      191.426      41.9293    0.0236482
       488.00000      191.426      41.9293    0.0236482
       488.80000      191.427      41.9293    0.0236482
       489.60000      191.426      41.9293    0.0236482
       490.40000      191.427      41.9293    0.0236482
       491.20000      191.427      41.9293    0.0236482
       492.00000      191.427      41.9293    0.0236482
       492.80000      191.426      41.9293    0.0236482
       493.60000      191.426      41.9293    0.0236482
       494.40000      191.426      41.9293    0.0236482
       495.20000      191.426      41.9293    0.0236482
       496.00000      191.426      41.9293    0.0236482
       496.80000      191.426      41.9293    0.0236482
       497.60000      191.426      41.9293    0.0236482
       498.40000      191.426      41.9293    0.0236482
       499.20000      191.426      41.9293    0.0236482
       500.00000      191.426      41.9293    0.0236482
