0 27 1001 0.14433756729740646 687.233 132.674 0.00612165 0.006051759177209603 502.4849548339844
50 27 1001 0.14433756729740646 481.532 114.35 0.0109055 0.010624039776882883 943.1559491157532
100 27 1001 0.14433756729740646 359.673 87.1498 0.0144713 0.014512911460213253 1404.9049389362335
150 27 1001 0.14433756729740646 284.536 65.1306 0.0175683 0.017330634407129137 1879.8065662384033
0 27 1001 0.14433756729740646 687.233 132.674 0.00612165 0.006051759177209603 502.33937311172485
0 27 1001 0.14433756729740646 687.233 132.674 0.00612165 0.006051759177209603 502.2562448978424
50 27 1001 0.14433756729740646 481.532 114.35 0.0109055 0.010624039776882883 943.7992308139801
100 27 1001 0.14433756729740646 359.673 87.1498 0.0144713 0.014512911460213253 1405.0466740131378
150 27 1001 0.14433756729740646 284.536 65.1306 0.0175683 0.017330634407129137 1878.7446358203888
200 27 1001 0.14433756729740646 232.74 50.5681 0.0204599 0.020111219304263014 2387.6202981472015
250 27 1001 0.14433756729740646 197.633 39.2168 0.0229727 0.021630026560657045 2849.521454811096
300 27 1001 0.14433756729740646 170.43 33.3548 0.0252204 0.024738312911842607 3350.288684129715
