       0.0000000      1021.15      20.2779  0.000173619     0.178987
       4.0000000      1021.15      20.2779  0.000173618     0.178987
       8.0000000      1021.15      20.2779  0.000173618     0.178987
       12.000000      1021.15      20.2779  0.000173618     0.178987
       16.000000      1021.15      20.2779  0.000173618     0.178987
       20.000000      1021.15      20.2779  0.000173618     0.178987
       24.000000      1021.15      20.2779  0.000173618     0.178987
       28.000000      1021.15      20.2779  0.000173621     0.178990
       32.000000      1021.15      20.2784  0.000274144     0.281169
       36.000000      1020.71      20.4848   0.00253144      2.58280
       40.000000      1015.60      26.8932   0.00843130      8.55213
       44.000000      992.347      52.9544    0.0166087      16.4080
       48.000000      943.446      85.9845    0.0248410      23.1645
       52.000000      878.588      113.190    0.0309370      26.6098
       56.000000      813.801      127.798    0.0343145      27.0957
       60.000000      754.998      134.861    0.0373765      27.1652
       64.000000      707.362      137.617    0.0402993      27.2717
       68.000000      662.991      137.536    0.0431118      27.2057
       72.000000      623.767      135.013    0.0458736      27.1546
       76.000000      586.845      131.243    0.0489765      27.1976
       80.000000      554.019      127.906    0.0522579      27.3106
       84.000000      524.304      123.685    0.0536051      26.4483
       88.000000      500.850      118.649    0.0470607      22.2181
       92.000000      487.363      115.990    0.0331067      15.2206
       96.000000      482.523      114.718    0.0183855      8.25630
       100.00000      481.572      114.363    0.0115523      5.04437
       104.00000      481.530      114.350    0.0109087      4.74816
       108.00000      481.530      114.350    0.0109056      4.74659
       112.00000      481.530      114.350    0.0109056      4.74659
       116.00000      481.530      114.350    0.0109056      4.74659
       120.00000      481.531      114.350    0.0109056      4.74659
       124.00000      481.531      114.350    0.0109056      4.74659
       128.00000      481.531      114.350    0.0109056      4.74659
       132.00000      481.530      114.350    0.0109055      4.74659
       136.00000      481.530      114.350    0.0109055      4.74658
       140.00000      481.530      114.350    0.0109055      4.74658
       144.00000      481.531      114.350    0.0109056      4.74658
       148.00000      481.531      114.350    0.0109056      4.74659
       152.00000      481.531      114.350    0.0109056      4.74658
       156.00000      481.531      114.350    0.0109056      4.74658
       160.00000      481.531      114.350    0.0109056      4.74658
       164.00000      481.531      114.350    0.0109056      4.74659
       168.00000      481.531      114.350    0.0109056      4.74659
       172.00000      481.531      114.350    0.0109056      4.74659
       176.00000      481.531      114.350    0.0109056      4.74658
       180.00000      481.531      114.350    0.0109056      4.74658
       184.00000      481.531      114.350    0.0109055      4.74658
       188.00000      481.532      114.350    0.0109056      4.74658
       192.00000      481.531      114.350    0.0109056      4.74658
       196.00000      481.532      114.350    0.0109056      4.74658
       200.00000      481.532      114.350    0.0109056      4.74658
       204.00000      481.531      114.350    0.0109055      4.74658
       208.00000      481.532      114.350    0.0109055      4.74658
       212.00000      481.531      114.350    0.0109055      4.74658
       216.00000      481.532      114.350    0.0109055      4.74658
       220.00000      481.532      114.350    0.0109055      4.74658
       224.00000      481.532      114.350    0.0109055      4.74658
       228.00000      481.532      114.350    0.0109055      4.74658
       232.00000      481.532      114.350    0.0109055      4.74659
       236.00000      481.532      114.350    0.0109055      4.74659
       240.00000      481.532      114.350    0.0109055      4.74658
       244.00000      481.532      114.350    0.0109055      4.74659
       248.00000      481.532      114.350    0.0109055      4.74659
