       0.0000000      1021.15      20.2779  0.000173619     0.178987
       4.0000000      1021.15      20.2779  0.000173618     0.178987
       8.0000000      1021.15      20.2779  0.000173618     0.178987
       12.000000      1021.15      20.2779  0.000173618     0.178987
       16.000000      1021.15      20.2779  0.000173618     0.178987
       20.000000      1021.15      20.2779  0.000173618     0.178987
       24.000000      1021.15      20.2779  0.000173618     0.178987
       28.000000      1021.15      20.2779  0.000173620     0.178990
       32.000000      1021.15      20.2784  0.000274147     0.281174
       36.000000      1020.71      20.4848   0.00253136      2.58273
       40.000000      1015.60      26.8933   0.00843159      8.55239
       44.000000      992.347      52.9545    0.0166088      16.4081
       48.000000      943.446      85.9846    0.0248408      23.1642
       52.000000      878.588      113.190    0.0309370      26.6098
       56.000000      814.245      129.507    0.0343666      27.1269
       60.000000      755.625      136.118    0.0373108      27.1185
       64.000000      706.675      136.344    0.0401202      27.1473
       68.000000      660.919      136.110    0.0434634      27.3420
       72.000000      622.153      134.633    0.0460764      27.2052
       76.000000      584.982      131.574    0.0490010      27.1114
       80.000000      550.856      127.455    0.0524081      27.2359
       84.000000      520.142      122.482    0.0558542      27.3662
       88.000000      493.045      117.725    0.0587734      27.2734
       92.000000      468.478      112.795    0.0617203      27.1918
       96.000000      445.705      108.977    0.0651241      27.2636
       100.00000      425.004      104.679    0.0683787      27.2828
       104.00000      405.892      99.1514    0.0714538      27.2399
       108.00000      388.653      95.0309    0.0736672      26.9108
       112.00000      374.141      91.4536    0.0675814      23.7762
       116.00000      364.934      88.9087    0.0500210      17.1719
       120.00000      360.596      87.3591    0.0290802      9.83973
       124.00000      359.743      87.1730    0.0165536      5.53350
       128.00000      359.672      87.1504    0.0144983      4.82486
       132.00000      359.671      87.1497    0.0144713      4.81550
       136.00000      359.671      87.1497    0.0144713      4.81549
       140.00000      359.671      87.1497    0.0144713      4.81549
       144.00000      359.671      87.1497    0.0144713      4.81549
       148.00000      359.671      87.1497    0.0144713      4.81549
       152.00000      359.671      87.1497    0.0144713      4.81548
       156.00000      359.671      87.1497    0.0144713      4.81548
       160.00000      359.671      87.1497    0.0144713      4.81548
       164.00000      359.671      87.1497    0.0144713      4.81548
       168.00000      359.671      87.1497    0.0144713      4.81549
       172.00000      359.671      87.1498    0.0144713      4.81549
       176.00000      359.671      87.1498    0.0144713      4.81549
       180.00000      359.672      87.1498    0.0144713      4.81549
       184.00000      359.671      87.1498    0.0144713      4.81548
       188.00000      359.672      87.1498    0.0144713      4.81548
       192.00000      359.672      87.1498    0.0144713      4.81548
       196.00000      359.672      87.1498    0.0144713      4.81548
       200.00000      359.672      87.1497    0.0144713      4.81548
       204.00000      359.672      87.1498    0.0144713      4.81548
       208.00000      359.672      87.1498    0.0144713      4.81549
       212.00000      359.672      87.1498    0.0144713      4.81549
       216.00000      359.672      87.1498    0.0144713      4.81549
       220.00000      359.672      87.1498    0.0144713      4.81549
       224.00000      359.672      87.1498    0.0144713      4.81549
       228.00000      359.672      87.1498    0.0144713      4.81549
       232.00000      359.672      87.1498    0.0144713      4.81549
       236.00000      359.672      87.1498    0.0144713      4.81549
       240.00000      359.673      87.1498    0.0144713      4.81549
       244.00000      359.673      87.1498    0.0144713      4.81549
       248.00000      359.673      87.1498    0.0144713      4.81550
       252.00000      359.673      87.1498    0.0144713      4.81550
       256.00000      359.673      87.1498    0.0144713      4.81550
       260.00000      359.673      87.1498    0.0144713      4.81550
       264.00000      359.673      87.1498    0.0144713      4.81550
       268.00000      359.673      87.1499    0.0144713      4.81550
       272.00000      359.673      87.1498    0.0144713      4.81550
       276.00000      359.673      87.1498    0.0144713      4.81550
       280.00000      359.673      87.1498    0.0144713      4.81550
       284.00000      359.673      87.1498    0.0144713      4.81550
       288.00000      359.673      87.1498    0.0144713      4.81549
       292.00000      359.673      87.1499    0.0144713      4.81550
       296.00000      359.673      87.1499    0.0144713      4.81549
       300.00000      359.673      87.1498    0.0144713      4.81549
