       0.0000000      1021.15      20.2779  0.000173619     0.178987
       4.0000000      1021.15      20.2779  0.000173618     0.178987
       8.0000000      1021.15      20.2779  0.000173618     0.178987
       12.000000      1021.15      20.2779  0.000173618     0.178987
       16.000000      1021.15      20.2779  0.000173618     0.178987
       20.000000      1021.15      20.2779  0.000173618     0.178987
       24.000000      1021.15      20.2779  0.000173618     0.178987
       28.000000      1021.15      20.2779  0.000173621     0.178990
       32.000000      1021.15      20.2784  0.000274168     0.281193
       36.000000      1020.71      20.4848   0.00253158      2.58295
       40.000000      1015.60      26.8931   0.00843108      8.55186
       44.000000      992.347      52.9544    0.0166086      16.4080
       48.000000      943.446      85.9845    0.0248414      23.1647
       52.000000      878.588      113.190    0.0309371      26.6099
       56.000000      812.036      130.173    0.0344217      27.0826
       60.000000      754.986      135.600    0.0351303      25.5556
       64.000000      715.172      136.883    0.0301021      20.5971
       68.000000      695.112      134.302    0.0198458      13.1382
       72.000000      688.128      132.943   0.00992309      6.40246
       76.000000      687.265      132.686   0.00633834      3.88353
       80.000000      687.235      132.675   0.00612222      3.72236
       84.000000      687.234      132.674   0.00612167      3.72200
       88.000000      687.234      132.674   0.00612167      3.72200
       92.000000      687.234      132.674   0.00612167      3.72200
       96.000000      687.235      132.674   0.00612167      3.72200
       100.00000      687.235      132.674   0.00612167      3.72200
       104.00000      687.235      132.674   0.00612167      3.72200
       108.00000      687.234      132.674   0.00612166      3.72200
       112.00000      687.234      132.674   0.00612166      3.72200
       116.00000      687.235      132.674   0.00612166      3.72200
       120.00000      687.235      132.674   0.00612166      3.72199
       124.00000      687.235      132.674   0.00612166      3.72199
       128.00000      687.235      132.674   0.00612166      3.72199
       132.00000      687.235      132.674   0.00612166      3.72199
       136.00000      687.234      132.674   0.00612166      3.72199
       140.00000      687.234      132.674   0.00612166      3.72199
       144.00000      687.234      132.674   0.00612166      3.72199
       148.00000      687.234      132.674   0.00612166      3.72199
       152.00000      687.234      132.674   0.00612166      3.72199
       156.00000      687.234      132.674   0.00612166      3.72199
       160.00000      687.234      132.674   0.00612165      3.72199
       164.00000      687.234      132.674   0.00612166      3.72199
       168.00000      687.234      132.674   0.00612166      3.72199
       172.00000      687.234      132.674   0.00612166      3.72199
       176.00000      687.233      132.674   0.00612165      3.72199
       180.00000      687.233      132.674   0.00612165      3.72199
       184.00000      687.233      132.674   0.00612165      3.72198
       188.00000      687.233      132.674   0.00612165      3.72198
       192.00000      687.233      132.674   0.00612165      3.72198
       196.00000      687.234      132.674   0.00612165      3.72198
       200.00000      687.233      132.674   0.00612165      3.72198
