       0.0000000      1021.15      20.2779  0.000173619     0.178987
       4.0000000      1021.15      20.2779  0.000173618     0.178987
       8.0000000      1021.15      20.2779  0.000173618     0.178987
       12.000000      1021.15      20.2779  0.000173618     0.178987
       16.000000      1021.15      20.2779  0.000173618     0.178987
       20.000000      1021.15      20.2779  0.000173618     0.178987
       24.000000      1021.15      20.2779  0.000173618     0.178987
       28.000000      1021.15      20.2779  0.000173621     0.178990
       32.000000      1021.15      20.2784  0.000274138     0.281166
       36.000000      1020.70      20.4848   0.00253129      2.58268
       40.000000      1015.60      26.8931   0.00843183      8.55262
       44.000000      992.347      52.9543    0.0166088      16.4081
       48.000000      943.446      85.9845    0.0248405      23.1641
       52.000000      879.861      113.203    0.0309109      26.6276
       56.000000      815.716      128.652    0.0342870      27.1282
       60.000000      756.523      135.755    0.0370838      27.0480
       64.000000      707.221      137.289    0.0401562      27.1763
       68.000000      661.511      135.893    0.0434062      27.3281
       72.000000      623.462      134.154    0.0458347      27.1453
       76.000000      587.486      130.774    0.0487156      27.0991
       80.000000      554.495      127.701    0.0522328      27.3259
       84.000000      524.040      122.990    0.0553846      27.3468
       88.000000      497.010      117.997    0.0581857      27.2094
       92.000000      472.336      112.932    0.0613216      27.2414
       96.000000      448.439      107.465    0.0646666      27.3079
       100.00000      428.305      103.283    0.0677809      27.2968
       104.00000      408.270      99.3673    0.0709136      27.2260
       108.00000      389.924      94.6152    0.0742640      27.2458
       112.00000      374.122      90.3364    0.0776016      27.3152
       116.00000      358.837      86.7915    0.0807123      27.2737
       120.00000      344.486      82.6104    0.0838848      27.2260
       124.00000      331.173      79.2174    0.0874695      27.2914
       128.00000      318.481      75.9774    0.0909717      27.3051
       132.00000      306.878      72.1959    0.0936017      27.1138
       136.00000      296.441      68.6922    0.0886655      24.8495
       140.00000      289.197      66.5300    0.0701322      19.2224
       144.00000      285.620      65.4360    0.0430527      11.6585
       148.00000      284.640      65.1613    0.0225359      6.06452
       152.00000      284.537      65.1301    0.0177231      4.75188
       156.00000      284.536      65.1302    0.0175683      4.71129
       160.00000      284.536      65.1303    0.0175683      4.71130
       164.00000      284.536      65.1302    0.0175683      4.71130
       168.00000      284.536      65.1302    0.0175683      4.71129
       172.00000      284.536      65.1303    0.0175683      4.71130
       176.00000      284.536      65.1303    0.0175683      4.71130
       180.00000      284.536      65.1303    0.0175683      4.71130
       184.00000      284.536      65.1303    0.0175683      4.71130
       188.00000      284.536      65.1303    0.0175683      4.71130
       192.00000      284.536      65.1303    0.0175683      4.71130
       196.00000      284.536      65.1303    0.0175683      4.71130
       200.00000      284.536      65.1304    0.0175683      4.71130
       204.00000      284.536      65.1304    0.0175683      4.71130
       208.00000      284.536      65.1304    0.0175683      4.71130
       212.00000      284.536      65.1304    0.0175683      4.71130
       216.00000      284.536      65.1304    0.0175683      4.71131
       220.00000      284.536      65.1304    0.0175683      4.71130
       224.00000      284.536      65.1304    0.0175683      4.71131
       228.00000      284.536      65.1304    0.0175683      4.71130
       232.00000      284.537      65.1305    0.0175683      4.71131
       236.00000      284.537      65.1305    0.0175683      4.71131
       240.00000      284.537      65.1305    0.0175683      4.71131
       244.00000      284.537      65.1305    0.0175683      4.71131
       248.00000      284.537      65.1305    0.0175683      4.71131
       252.00000      284.537      65.1305    0.0175684      4.71131
       256.00000      284.537      65.1306    0.0175684      4.71131
       260.00000      284.537      65.1305    0.0175684      4.71131
       264.00000      284.537      65.1305    0.0175684      4.71131
       268.00000      284.537      65.1305    0.0175684      4.71130
       272.00000      284.537      65.1305    0.0175684      4.71131
       276.00000      284.537      65.1305    0.0175684      4.71130
       280.00000      284.537      65.1305    0.0175684      4.71130
       284.00000      284.537      65.1306    0.0175684      4.71130
       288.00000      284.537      65.1306    0.0175684      4.71130
       292.00000      284.537      65.1306    0.0175684      4.71130
       296.00000      284.537      65.1306    0.0175684      4.71130
       300.00000      284.537      65.1306    0.0175684      4.71130
       304.00000      284.537      65.1306    0.0175684      4.71131
       308.00000      284.536      65.1305    0.0175683      4.71130
       312.00000      284.536      65.1305    0.0175683      4.71130
       316.00000      284.536      65.1306    0.0175684      4.71131
       320.00000      284.536      65.1306    0.0175684      4.71131
       324.00000      284.536      65.1306    0.0175683      4.71131
       328.00000      284.536      65.1306    0.0175683      4.71131
       332.00000      284.537      65.1306    0.0175683      4.71131
       336.00000      284.537      65.1306    0.0175683      4.71131
       340.00000      284.537      65.1306    0.0175683      4.71131
       344.00000      284.536      65.1306    0.0175683      4.71131
       348.00000      284.536      65.1306    0.0175683      4.71131
