       0.0000000      1021.15      20.2779  0.000173619     0.178987
       4.0000000      1021.15      20.2779  0.000173618     0.178987
       8.0000000      1021.15      20.2779  0.000173618     0.178987
       12.000000      1021.15      20.2779  0.000173618     0.178987
       16.000000      1021.15      20.2779  0.000173618     0.178987
       20.000000      1021.15      20.2779  0.000173618     0.178987
       24.000000      1021.15      20.2779  0.000173618     0.178987
       28.000000      1021.15      20.2779  0.000173620     0.178989
       32.000000      1021.15      20.2784  0.000274087     0.281130
       36.000000      1020.71      20.4847   0.00253136      2.58277
       40.000000      1015.60      26.8932   0.00843258      8.55339
       44.000000      992.348      52.9544    0.0166086      16.4080
       48.000000      943.446      85.9845    0.0248397      23.1633
       52.000000      877.726      114.716    0.0309852      26.6006
       56.000000      813.747      128.794    0.0343594      27.1165
       60.000000      756.643      135.547    0.0372944      27.1587
       64.000000      706.385      137.431    0.0402255      27.1743
       68.000000      661.761      136.297    0.0431892      27.2199
       72.000000      622.087      134.237    0.0460970      27.2331
       76.000000      585.314      132.039    0.0492429      27.2404
       80.000000      551.130      128.497    0.0524104      27.2026
       84.000000      521.070      123.392    0.0556724      27.3057
       88.000000      492.266      117.450    0.0590434      27.3585
       92.000000      467.576      112.542    0.0621111      27.3130
       96.000000      443.823      107.214    0.0650718      27.1465
       100.00000      424.027      102.551    0.0683732      27.2652
       104.00000      404.747      98.1234    0.0719063      27.3866
       108.00000      387.896      94.5782    0.0749057      27.3021
       112.00000      371.698      90.1270    0.0778044      27.1928
       116.00000      356.397      85.6790    0.0812412      27.2653
       120.00000      342.463      81.9549    0.0849106      27.3814
       124.00000      329.521      78.8352    0.0878545      27.2510
       128.00000      317.067      75.4955    0.0909819      27.1871
       132.00000      306.060      72.5019    0.0945492      27.2797
       136.00000      295.266      69.1240    0.0981310      27.3448
       140.00000      284.875      66.2969     0.101270      27.2331
       144.00000      275.464      63.6456     0.104524      27.1969
       148.00000      266.849      61.1578     0.108226      27.2760
       152.00000      258.201      58.5718     0.111618      27.2348
       156.00000      250.334      56.5002     0.115013      27.2341
       160.00000      243.062      54.3937     0.118651      27.2852
       164.00000      236.152      52.5590     0.121858      27.2271
       168.00000      229.697      50.5194     0.125104      27.2012
       172.00000      223.381      48.7860     0.128844      27.2591
       176.00000      217.080      46.7676     0.132309      27.2332
       180.00000      211.160      44.9700     0.135793      27.1876
       184.00000      205.715      43.2696     0.139582      27.2339
       188.00000      200.510      41.7363     0.143213      27.2364
       192.00000      195.632      40.1265     0.146314      27.1809
       196.00000      191.085      38.6393     0.149791      27.1884
       200.00000      186.666      37.3384     0.153463      27.2035
       204.00000      182.556      36.1186     0.157110      27.2343
       208.00000      178.551      34.9220     0.158694      26.9315
       212.00000      174.863      34.0282     0.144868      24.1091
       216.00000      172.191      33.5989     0.109140      17.9302
       220.00000      170.845      33.3863    0.0635604      10.3750
       224.00000      170.469      33.3504    0.0318249      5.18587
       228.00000      170.430      33.3546    0.0253485      4.14508
       232.00000      170.429      33.3548    0.0252204      4.12578
       236.00000      170.429      33.3548    0.0252203      4.12576
       240.00000      170.429      33.3548    0.0252203      4.12576
       244.00000      170.429      33.3548    0.0252203      4.12577
       248.00000      170.429      33.3548    0.0252203      4.12576
       252.00000      170.429      33.3547    0.0252203      4.12576
       256.00000      170.429      33.3547    0.0252203      4.12576
       260.00000      170.429      33.3547    0.0252203      4.12576
       264.00000      170.429      33.3547    0.0252203      4.12577
       268.00000      170.429      33.3547    0.0252203      4.12577
       272.00000      170.429      33.3548    0.0252203      4.12577
       276.00000      170.429      33.3548    0.0252203      4.12577
       280.00000      170.429      33.3548    0.0252203      4.12577
       284.00000      170.430      33.3548    0.0252203      4.12576
       288.00000      170.430      33.3548    0.0252203      4.12577
       292.00000      170.429      33.3548    0.0252203      4.12577
       296.00000      170.430      33.3548    0.0252203      4.12577
       300.00000      170.430      33.3548    0.0252203      4.12577
       304.00000      170.430      33.3548    0.0252203      4.12577
       308.00000      170.430      33.3548    0.0252203      4.12577
       312.00000      170.430      33.3548    0.0252203      4.12577
       316.00000      170.430      33.3548    0.0252203      4.12577
       320.00000      170.430      33.3548    0.0252203      4.12577
       324.00000      170.430      33.3548    0.0252203      4.12577
       328.00000      170.430      33.3548    0.0252203      4.12577
       332.00000      170.430      33.3548    0.0252203      4.12577
       336.00000      170.430      33.3548    0.0252203      4.12578
       340.00000      170.430      33.3548    0.0252203      4.12578
       344.00000      170.430      33.3548    0.0252203      4.12578
       348.00000      170.430      33.3548    0.0252203      4.12578
       352.00000      170.430      33.3548    0.0252203      4.12578
       356.00000      170.430      33.3548    0.0252203      4.12578
       360.00000      170.430      33.3548    0.0252203      4.12578
       364.00000      170.430      33.3548    0.0252203      4.12578
       368.00000      170.430      33.3548    0.0252203      4.12577
       372.00000      170.430      33.3548    0.0252203      4.12578
       376.00000      170.430      33.3548    0.0252203      4.12578
       380.00000      170.430      33.3548    0.0252203      4.12577
       384.00000      170.430      33.3548    0.0252203      4.12578
       388.00000      170.430      33.3548    0.0252203      4.12578
       392.00000      170.430      33.3548    0.0252203      4.12578
       396.00000      170.430      33.3548    0.0252203      4.12578
       400.00000      170.430      33.3548    0.0252203      4.12577
       404.00000      170.430      33.3548    0.0252203      4.12578
       408.00000      170.430      33.3548    0.0252204      4.12578
       412.00000      170.430      33.3548    0.0252203      4.12578
       416.00000      170.430      33.3548    0.0252203      4.12577
       420.00000      170.430      33.3548    0.0252203      4.12578
       424.00000      170.430      33.3548    0.0252204      4.12578
       428.00000      170.430      33.3548    0.0252204      4.12578
       432.00000      170.430      33.3548    0.0252204      4.12578
       436.00000      170.430      33.3548    0.0252203      4.12578
       440.00000      170.430      33.3548    0.0252204      4.12578
       444.00000      170.430      33.3548    0.0252204      4.12577
       448.00000      170.430      33.3548    0.0252204      4.12578
       452.00000      170.430      33.3548    0.0252203      4.12577
       456.00000      170.430      33.3548    0.0252204      4.12577
       460.00000      170.430      33.3548    0.0252204      4.12578
       464.00000      170.430      33.3548    0.0252203      4.12578
       468.00000      170.430      33.3548    0.0252203      4.12577
       472.00000      170.430      33.3548    0.0252204      4.12577
       476.00000      170.430      33.3548    0.0252204      4.12578
       480.00000      170.430      33.3548    0.0252204      4.12578
       484.00000      170.430      33.3548    0.0252204      4.12578
       488.00000      170.430      33.3548    0.0252204      4.12578
       492.00000      170.430      33.3548    0.0252204      4.12578
       496.00000      170.430      33.3548    0.0252204      4.12578
       500.00000      170.430      33.3548    0.0252204      4.12578
