       0.0000000      1021.15      20.2779  0.000173619     0.178987
       4.0000000      1021.15      20.2779  0.000173618     0.178987
       8.0000000      1021.15      20.2779  0.000173618     0.178987
       12.000000      1021.15      20.2779  0.000173618     0.178987
       16.000000      1021.15      20.2779  0.000173618     0.178987
       20.000000      1021.15      20.2779  0.000173618     0.178987
       24.000000      1021.15      20.2779  0.000173618     0.178987
       28.000000      1021.15      20.2779  0.000173620     0.178989
       32.000000      1021.15      20.2784  0.000274102     0.281139
       36.000000      1020.71      20.4848   0.00253130      2.58270
       40.000000      1015.60      26.8932   0.00843234      8.55313
       44.000000      992.347      52.9544    0.0166087      16.4080
       48.000000      943.446      85.9845    0.0248399      23.1636
       52.000000      879.286      112.968    0.0309816      26.6632
       56.000000      816.119      127.582    0.0341641      27.0603
       60.000000      757.895      133.873    0.0370596      27.0789
       64.000000      707.511      136.030    0.0402347      27.2657
       68.000000      662.286      134.594    0.0432514      27.2882
       72.000000      621.017      132.174    0.0458604      27.0714
       76.000000      584.595      128.444    0.0490512      27.2019
       80.000000      551.042      123.950    0.0526407      27.4120
       84.000000      520.389      119.066    0.0554117      27.2185
       88.000000      493.033      115.508    0.0583234      27.1228
       92.000000      468.228      110.813    0.0620551      27.3633
       96.000000      445.963      105.517    0.0652450      27.3875
       100.00000      424.304      100.563    0.0678712      27.1152
       104.00000      404.737      96.6117    0.0713336      27.2126
       108.00000      387.975      92.8895    0.0750410      27.4104
       112.00000      371.909      88.7347    0.0779968      27.2859
       116.00000      355.872      83.8154    0.0807273      27.1117
       120.00000      341.874      79.8068    0.0846363      27.3489
       124.00000      328.279      76.3450    0.0884598      27.3899
       128.00000      316.852      73.6470    0.0910781      27.2142
       132.00000      305.061      69.5572    0.0940297      27.1606
       136.00000      294.231      66.2361    0.0980095      27.3305
       140.00000      284.492      63.8307     0.101659      27.3296
       144.00000      275.110      61.0614     0.104484      27.2110
       148.00000      266.630      58.4396     0.107474      27.2191
       152.00000      258.414      56.4560     0.111315      27.2864
       156.00000      250.621      54.1456     0.115158      27.3167
       160.00000      243.402      52.0825     0.117660      27.1819
       164.00000      236.465      50.0155     0.120895      27.1937
       168.00000      229.977      48.2118     0.124992      27.2961
       172.00000      223.711      46.5111     0.128557      27.2772
       176.00000      217.854      44.8118     0.131047      27.1562
       180.00000      212.277      42.9801     0.134471      27.1965
       184.00000      206.703      41.2917     0.135192      26.5784
       188.00000      202.067      40.0879     0.117892      22.6849
       192.00000      199.118      39.5036    0.0822932      15.6849
       196.00000      197.898      39.2518    0.0445159      8.44510
       200.00000      197.648      39.2168    0.0255487      4.81864
       204.00000      197.632      39.2167    0.0229981      4.35307
       208.00000      197.632      39.2167    0.0229726      4.34917
       212.00000      197.632      39.2167    0.0229726      4.34918
       216.00000      197.632      39.2167    0.0229726      4.34918
       220.00000      197.632      39.2167    0.0229726      4.34918
       224.00000      197.632      39.2167    0.0229726      4.34918
       228.00000      197.632      39.2167    0.0229726      4.34918
       232.00000      197.632      39.2167    0.0229726      4.34919
       236.00000      197.632      39.2167    0.0229726      4.34919
       240.00000      197.632      39.2167    0.0229726      4.34919
       244.00000      197.632      39.2167    0.0229726      4.34919
       248.00000      197.632      39.2167    0.0229726      4.34919
       252.00000      197.632      39.2167    0.0229726      4.34919
       256.00000      197.632      39.2167    0.0229726      4.34919
       260.00000      197.632      39.2167    0.0229726      4.34919
       264.00000      197.632      39.2167    0.0229726      4.34919
       268.00000      197.632      39.2167    0.0229726      4.34919
       272.00000      197.632      39.2167    0.0229726      4.34919
       276.00000      197.632      39.2167    0.0229726      4.34919
       280.00000      197.632      39.2167    0.0229726      4.34919
       284.00000      197.632      39.2167    0.0229726      4.34920
       288.00000      197.632      39.2167    0.0229726      4.34919
       292.00000      197.632      39.2167    0.0229726      4.34919
       296.00000      197.632      39.2167    0.0229726      4.34920
       300.00000      197.632      39.2167    0.0229726      4.34919
       304.00000      197.632      39.2167    0.0229726      4.34920
       308.00000      197.632      39.2167    0.0229726      4.34919
       312.00000      197.632      39.2167    0.0229726      4.34919
       316.00000      197.632      39.2167    0.0229726      4.34919
       320.00000      197.632      39.2167    0.0229726      4.34920
       324.00000      197.632      39.2167    0.0229726      4.34920
       328.00000      197.632      39.2167    0.0229726      4.34920
       332.00000      197.632      39.2167    0.0229726      4.34920
       336.00000      197.632      39.2167    0.0229726      4.34920
       340.00000      197.632      39.2167    0.0229726      4.34920
       344.00000      197.632      39.2167    0.0229726      4.34920
       348.00000      197.632      39.2167    0.0229726      4.34920
       352.00000      197.632      39.2167    0.0229727      4.34920
       356.00000      197.632      39.2167    0.0229727      4.34920
       360.00000      197.632      39.2168    0.0229727      4.34920
       364.00000      197.632      39.2168    0.0229727      4.34920
       368.00000      197.632      39.2167    0.0229727      4.34920
       372.00000      197.632      39.2168    0.0229726      4.34920
       376.00000      197.632      39.2167    0.0229727      4.34920
       380.00000      197.632      39.2167    0.0229727      4.34920
       384.00000      197.632      39.2167    0.0229727      4.34920
       388.00000      197.632      39.2167    0.0229726      4.34920
       392.00000      197.632      39.2167    0.0229727      4.34920
       396.00000      197.632      39.2167    0.0229727      4.34920
       400.00000      197.632      39.2167    0.0229727      4.34920
       404.00000      197.632      39.2167    0.0229727      4.34920
       408.00000      197.632      39.2167    0.0229727      4.34920
       412.00000      197.632      39.2167    0.0229727      4.34920
       416.00000      197.632      39.2167    0.0229727      4.34920
       420.00000      197.632      39.2167    0.0229727      4.34920
       424.00000      197.632      39.2167    0.0229727      4.34920
       428.00000      197.632      39.2167    0.0229727      4.34920
       432.00000      197.632      39.2167    0.0229727      4.34920
       436.00000      197.632      39.2167    0.0229727      4.34920
       440.00000      197.632      39.2167    0.0229727      4.34920
       444.00000      197.633      39.2168    0.0229727      4.34920
       448.00000      197.633      39.2168    0.0229727      4.34920
