       0.0000000      1021.15      20.2779  0.000173619     0.178987
       4.0000000      1021.15      20.2779  0.000173618     0.178987
       8.0000000      1021.15      20.2779  0.000173618     0.178987
       12.000000      1021.15      20.2779  0.000173618     0.178987
       16.000000      1021.15      20.2779  0.000173618     0.178987
       20.000000      1021.15      20.2779  0.000173618     0.178987
       24.000000      1021.15      20.2779  0.000173618     0.178987
       28.000000      1021.15      20.2779  0.000173621     0.178990
       32.000000      1021.15      20.2784  0.000274111     0.281143
       36.000000      1020.71      20.4848   0.00253129      2.58267
       40.000000      1015.60      26.8932   0.00843206      8.55289
       44.000000      992.348      52.9544    0.0166088      16.4081
       48.000000      943.446      85.9846    0.0248402      23.1638
       52.000000      878.256      112.770    0.0309597      26.6161
       56.000000      815.474      129.494    0.0343217      27.1338
       60.000000      757.709      136.061    0.0370162      27.0190
       64.000000      707.405      137.224    0.0401709      27.1832
       68.000000      661.533      136.515    0.0434582      27.3492
       72.000000      622.258      133.786    0.0459406      27.1609
       76.000000      583.495      130.190    0.0490060      27.0938
       80.000000      549.726      126.110    0.0525841      27.2835
       84.000000      519.982      121.213    0.0559370      27.4077
       88.000000      492.900      117.053    0.0586144      27.2372
       92.000000      467.061      111.462    0.0618041      27.1738
       96.000000      444.285      107.058    0.0655318      27.3460
       100.00000      424.172      101.794    0.0685687      27.3654
       104.00000      405.515      96.8002    0.0710281      27.1463
       108.00000      388.275      92.4582    0.0744594      27.2391
       112.00000      372.305      88.5925    0.0782428      27.4238
       116.00000      356.905      84.4983    0.0809863      27.2515
       120.00000      342.507      80.3314    0.0839043      27.1368
       124.00000      328.862      77.0337    0.0880824      27.3265
       128.00000      316.698      74.0707    0.0916537      27.3872
       132.00000      305.078      70.5893    0.0941909      27.1538
       136.00000      294.677      68.1139    0.0975586      27.1664
       140.00000      284.320      65.1877     0.102017      27.3815
       144.00000      275.283      63.0478     0.105070      27.3221
       148.00000      266.317      60.3511     0.107550      27.1059
       152.00000      258.092      57.9433     0.111345      27.1940
       156.00000      249.962      55.7359     0.115683      27.3577
       160.00000      242.761      53.4006     0.112562      25.8983
       164.00000      237.144      51.8003    0.0925514      20.8624
       168.00000      233.996      50.8940    0.0610759      13.5963
       172.00000      232.925      50.6243    0.0323584      7.15744
       176.00000      232.745      50.5682    0.0211937      4.68339
       180.00000      232.740      50.5681    0.0204608      4.52247
       184.00000      232.740      50.5681    0.0204599      4.52226
       188.00000      232.740      50.5681    0.0204599      4.52226
       192.00000      232.740      50.5681    0.0204599      4.52226
       196.00000      232.740      50.5681    0.0204599      4.52226
       200.00000      232.740      50.5681    0.0204599      4.52226
       204.00000      232.740      50.5681    0.0204599      4.52226
       208.00000      232.740      50.5681    0.0204599      4.52226
       212.00000      232.740      50.5681    0.0204599      4.52226
       216.00000      232.740      50.5681    0.0204599      4.52226
       220.00000      232.740      50.5681    0.0204599      4.52226
       224.00000      232.740      50.5681    0.0204599      4.52226
       228.00000      232.740      50.5681    0.0204599      4.52226
       232.00000      232.740      50.5681    0.0204599      4.52226
       236.00000      232.740      50.5681    0.0204599      4.52226
       240.00000      232.740      50.5681    0.0204599      4.52227
       244.00000      232.740      50.5681    0.0204599      4.52227
       248.00000      232.740      50.5681    0.0204599      4.52227
       252.00000      232.740      50.5681    0.0204599      4.52227
       256.00000      232.740      50.5681    0.0204599      4.52227
       260.00000      232.741      50.5681    0.0204599      4.52227
       264.00000      232.741      50.5681    0.0204599      4.52227
       268.00000      232.741      50.5681    0.0204599      4.52228
       272.00000      232.741      50.5681    0.0204599      4.52227
       276.00000      232.741      50.5681    0.0204600      4.52228
       280.00000      232.741      50.5681    0.0204599      4.52227
       284.00000      232.741      50.5681    0.0204600      4.52228
       288.00000      232.741      50.5681    0.0204600      4.52228
       292.00000      232.741      50.5681    0.0204600      4.52228
       296.00000      232.741      50.5681    0.0204600      4.52228
       300.00000      232.740      50.5681    0.0204599      4.52228
       304.00000      232.740      50.5681    0.0204599      4.52228
       308.00000      232.740      50.5681    0.0204600      4.52228
       312.00000      232.740      50.5681    0.0204599      4.52228
       316.00000      232.740      50.5681    0.0204599      4.52228
       320.00000      232.741      50.5681    0.0204599      4.52228
       324.00000      232.741      50.5681    0.0204600      4.52228
       328.00000      232.740      50.5681    0.0204599      4.52228
       332.00000      232.740      50.5681    0.0204599      4.52228
       336.00000      232.740      50.5681    0.0204599      4.52228
       340.00000      232.740      50.5681    0.0204599      4.52228
       344.00000      232.740      50.5681    0.0204599      4.52228
       348.00000      232.741      50.5681    0.0204599      4.52228
       352.00000      232.741      50.5681    0.0204599      4.52228
       356.00000      232.741      50.5681    0.0204599      4.52228
       360.00000      232.741      50.5681    0.0204599      4.52228
       364.00000      232.741      50.5681    0.0204599      4.52227
       368.00000      232.740      50.5681    0.0204599      4.52227
       372.00000      232.740      50.5681    0.0204599      4.52227
       376.00000      232.740      50.5681    0.0204599      4.52227
       380.00000      232.740      50.5681    0.0204599      4.52227
       384.00000      232.740      50.5681    0.0204599      4.52227
       388.00000      232.740      50.5681    0.0204599      4.52227
       392.00000      232.740      50.5681    0.0204599      4.52227
       396.00000      232.740      50.5681    0.0204599      4.52227
       400.00000      232.740      50.5681    0.0204599      4.52227
