6 27 1001 0.14433756729740646 0.0 968.729 80.1926 0.00459646 0.0018409140739802097 151.76305270195007 0.0
6 27 1001 0.14433756729740646 0.6981317007977318 968.176 79.3491 0.00455002 0.0018236320042323917 151.67045211791992 0.6981317007977318
6 27 1001 0.14433756729740646 1.3962634015954636 969.573 78.9666 0.00459699 0.001809615214158095 151.75927901268005 1.3962634015954636
6 27 1001 0.14433756729740646 2.0943951023931953 968.909 79.2556 0.00453266 0.0018187282127082737 152.43368864059448 2.0943951023931953
6 27 1001 0.14433756729740646 2.792526803190927 967.297 81.1925 0.00459141 0.001869390614533329 153.01034593582153 2.792526803190927
6 27 1001 0.14433756729740646 3.490658503988659 968.318 79.0747 0.00455697 0.0018167926681379556 151.57575106620789 3.490658503988659
6 27 1001 0.14433756729740646 4.1887902047863905 968.22 81.0394 0.00457348 0.0018623098649748152 151.7465398311615 4.1887902047863905
6 27 1001 0.14433756729740646 4.886921905584122 969.083 80.7029 0.00455034 0.001851275341677906 151.6492772102356 4.886921905584122
6 27 1001 0.14433756729740646 5.585053606381854 968.284 79.8174 0.00462274 0.001833985472860841 151.25233006477356 5.585053606381854
6 27 1001 0.14433756729740646 6.283185307179586 970.508 78.1239 0.0044944 0.0017868557817397363 152.36347699165344 6.283185307179586
