6 27 1001 0.14433756729740646 968.729 80.1926 0.00459647 0.0018409140739802097 149.21905994415283
7 27 1001 0.14433756729740646 959.503 87.2086 0.00764767 0.002040659128966296 158.20758199691772
8 27 1001 0.14433756729740646 954.64 84.8049 0.0109941 0.0020046821196352 166.88470196723938
9 27 1001 0.14433756729740646 943.166 95.8562 0.00905107 0.0023213881377707048 175.41376185417175
10 27 1001 0.14433756729740646 935.183 96.2738 0.00498883 0.0023714759939225923 183.6746039390564
11 27 1001 0.14433756729740646 929.858 100.143 0.00241301 0.002495118403073244 192.29661512374878
12 27 1001 0.14433756729740646 921.882 102.763 0.00229307 0.0026048932434303935 200.83400011062622
13 27 1001 0.14433756729740646 913.467 106.092 0.00248089 0.002739054899781232 211.22838616371155
14 27 1001 0.14433756729740646 904.592 110.114 0.00317782 0.002898951032080642 218.94120407104492
15 27 1001 0.14433756729740646 897.762 110.239 0.00350389 0.0029465692542255282 226.97653102874756
20 27 1001 0.14433756729740646 862.537 118.623 0.00322985 0.0034349250165912676 271.1963400840759
30 27 1001 0.14433756729740646 801.357 125.975 0.00414932 0.004226064516270005 357.6923117637634
40 27 1001 0.14433756729740646 742.444 132.78 0.00510888 0.0051893036760819735 446.9500789642334
50 27 1001 0.14433756729740646 687.233 132.674 0.00612163 0.006051759177209603 538.409970998764
60 27 1001 0.14433756729740646 649.036 128.373 0.00655049 0.006565078800943009 625.3349721431732
100 27 1001 0.14433756729740646 509.375 112.903 0.00908179 0.009374196554605273 986.7789771556854
150 27 1001 0.14433756729740646 397.878 89.76 0.01177 0.012214812844983006 1450.6808733940125
200 27 1001 0.14433756729740646 322.459 70.7235 0.0138396 0.014652730607055658 1921.1315462589264
