0 27 1001 0.14433756729740646 801.53 116.66 0.00280306 0.003911886393876582 402.63453102111816 0.5e-6
0 27 1001 0.14433756729740646 801.53 116.66 0.00280306 0.003911886393876582 399.7710030078888 1.e-6
0 27 1001 0.14433756729740646 800.127 118.25 0.00279841 0.003979120796840924 403.4543080329895 0.5e-5
0 27 1001 0.14433756729740646 799.475 115.048 0.00283709 0.0038776903293311544 399.8987989425659 1.e-5
0 27 1001 0.14433756729740646 798.395 118.37 0.00285046 0.004000459299497332 402.82217812538147 0.5e-3
0 27 1001 0.14433756729740646 799.821 117.842 0.00282606 0.003968426352088177 400.4085462093353 1.e-3
0 27 1001 0.14433756729740646 801.287 114.971 0.00277155 0.0038575888766817115 402.0983519554138 0.5e-2
0 27 1001 0.14433756729740646 800.794 117.033 0.00278821 0.003931611008539938 400.12149310112 1.e-2
0 27 1001 0.14433756729740646 796.702 117.443 0.00280853 0.003986017006597984 403.4707670211792 0.5e-1
0 27 1001 0.14433756729740646 794.039 114.758 0.00287121 0.003921056758690025 399.10980701446533 1.e-1
0 27 1001 0.14433756729740646 776.894 120.605 0.00295568 0.004304726896947902 404.0330710411072 0.5e0
0 27 1001 0.14433756729740646 750.338 118.306 0.00311639 0.004526856354882097 400.53413105010986 1.e0
