6 27 1701 0.14433756729740646 1620.05 172.605 0.00299527 0.0014167732906013608 148.4641993045807
7 27 1701 0.14433756729740646 1588.81 196.532 0.00482397 0.0016772321174996151 156.43566632270813
8 27 1701 0.14433756729740646 1575.01 202.389 0.0067953 0.0017576164116173195 165.30236291885376
9 27 1701 0.14433756729740646 1551.91 214.228 0.0056527 0.0019162271791712852 174.1523778438568
10 27 1701 0.14433756729740646 1540.63 219.251 0.0033787 0.001989979981749141 182.09559297561646
11 27 1701 0.14433756729740646 1523.65 223.829 0.00207053 0.0020770633759617406 190.3992521762848
12 27 1701 0.14433756729740646 1496.4 239.187 0.00215453 0.0023011556658766317 198.98029017448425
13 27 1701 0.14433756729740646 1487.3 233.789 0.00218022 0.0022768307232615644 207.75976705551147
14 27 1701 0.14433756729740646 1465.6 242.887 0.00256909 0.002435999437925157 216.86149501800537
15 27 1701 0.14433756729740646 1458.99 244.885 0.00273833 0.00247834281226031 225.2163281440735
20 27 1701 0.14433756729740646 1380.36 256.691 0.00286146 0.002902216025283757 268.017893075943
30 27 1701 0.14433756729740646 1240.19 267.852 0.00379101 0.003751649598425622 353.59964513778687
40 27 1701 0.14433756729740646 1116.29 273.997 0.00472695 0.004736914707258974 444.94279193878174
50 27 1701 0.14433756729740646 1018.76 263.691 0.00545023 0.005473377006076637 530.4611511230469
60 27 1701 0.14433756729740646 931.992 249.218 0.00617574 0.006181001700971111 619.678603887558
100 27 1701 0.14433756729740646 686.95 195.442 0.00846705 0.008922190014861683 978.6145870685577
150 27 1701 0.14433756729740646 503.598 143.944 0.0110204 0.01222726709827266 1442.9542961120605
200 27 1701 0.14433756729740646 390.704 104.841 0.0130714 0.014795827702168569 1913.8619530200958
